x,y
0.326129,-4.35485
-0.400236,-4.08384
-0.256136,-4.14023
-0.0368808,-4.14766
-0.142121,-4.18484
-0.0632029,-4.21572
0.133857,-4.29283
0.0633692,-4.26525
0.201943,-4.31948
0.268249,-4.26944
0.338806,-4.27031
0.267755,-4.34523
0.405314,-4.33658
0.473786,-4.25407
0.489016,-4.31726
0.594095,-4.29301
0.681494,-4.27284
0.807406,-4.17463
0.814058,-4.24225
0.868916,-4.15778
0.943162,-4.21246
1.03951,-4.19023
0.938774,-4.14512
1.13598,-4.16796
1.25216,-4.14115
1.3441,-4.11994
1.43387,-4.09922
1.54014,-4.0747
-1.04392,-3.83196
-0.953841,-3.86721
-0.820435,-3.91942
-0.709682,-3.96275
-0.585957,-3.92126
-0.64323,-3.98876
-0.557532,-4.02229
-0.449419,-3.99982
-0.480534,-4.05242
-0.304824,-4.05298
-0.326673,-4.11263
-0.106032,-4.11862
0.0359263,-4.17311
-0.0122207,-4.08063
0.00210017,-4.24128
0.214989,-4.17394
0.239251,-4.10667
0.196549,-4.24125
0.410883,-4.26844
0.367856,-4.19774
0.519425,-4.17009
0.544004,-4.24181
0.673333,-4.19488
0.744407,-4.25833
0.739119,-4.18445
0.917576,-4.07153
0.998905,-4.05518
1.01608,-4.13083
1.1658,-4.08583
1.09239,-4.10676
1.32472,-4.05544
1.4787,-4.02293
1.40334,-4.03823
1.61785,-4.05676
1.61579,-3.99783
1.71617,-4.03407
1.68499,-3.9757
1.90909,-3.98277
1.82708,-4.00848
1.86943,-3.91598
2.01219,-3.92184
2.0837,-3.87959
-1.96419,-3.58629
-1.83686,-3.5609
-1.8427,-3.61779
-1.73229,-3.64642
-1.70925,-3.58151
-1.57735,-3.68659
-1.49531,-3.6528
-1.47812,-3.71231
-1.41726,-3.65776
-1.36357,-3.74201
-1.26725,-3.69927
-1.27979,-3.76373
-1.20568,-3.70795
-1.18171,-3.78916
-1.10845,-3.80815
-0.884859,-3.89421
-0.940215,-3.80782
-0.864858,-3.83366
-0.794975,-3.86794
-0.650756,-3.90638
-0.726758,-3.89165
-0.530506,-3.96453
-0.379836,-4.03107
-0.281903,-3.98701
-0.168014,-4.10334
-0.234058,-4.08005
-0.0864522,-4.04982
0.0833808,-4.03905
0.118855,-4.21765
0.295625,-4.19607
0.402423,-4.11406
0.582645,-4.14846
0.744469,-4.11159
0.813635,-4.02388
0.828948,-4.09413
0.894455,-4.00066
1.24485,-4.08174
1.30691,-3.97986
1.38463,-3.96938
1.29318,-3.90733
1.53407,-3.94027
1.73228,-3.88052
1.75247,-3.95499
1.81262,-3.93704
1.87967,-3.83226
1.98221,-3.85512
1.92636,-3.89287
2.12238,-3.78307
2.15945,-3.83482
2.23169,-3.79214
2.25171,-3.69488
2.30244,-3.75033
2.40391,-3.69037
2.31494,-3.65832
2.49843,-3.63452
2.57558,-3.58893
-2.74991,-3.37889
-2.65188,-3.408
-2.56192,-3.43133
-2.54235,-3.36673
-2.49283,-3.44924
-2.33911,-3.48909
-2.41247,-3.47007
-2.2434,-3.51391
-2.30745,-3.37485
-2.24729,-3.44724
-2.12766,-3.54391
-2.05636,-3.5624
-1.89156,-3.54008
-1.8455,-3.48551
-2.00963,-3.44788
-1.7723,-3.56124
-1.68835,-3.52005
-1.65545,-3.66634
-1.55981,-3.63792
-1.47357,-3.58707
-1.3289,-3.61472
-1.39593,-3.53217
-1.1076,-3.65274
-1.3346,-3.68286
-1.07223,-3.74167
-1.14415,-3.72187
-0.842613,-3.77504
-0.745958,-3.74329
-0.613062,-3.82953
-0.543449,-3.85278
-0.493771,-3.90709
-0.422596,-3.94409
-0.156337,-4.03397
0.0127896,-4.00783
0.0605457,-4.11394
0.135105,-4.14703
0.442678,-4.18415
0.611785,-4.21964
0.87214,-3.91522
0.975847,-3.98351
1.46456,-3.95702
1.23852,-4.02167
1.36998,-3.89154
1.53511,-3.86892
1.59688,-3.93506
1.94548,-3.80029
1.80698,-3.85247
1.78806,-3.78554
2.05458,-3.82357
2.19244,-3.7369
2.2749,-3.5931
2.14644,-3.68158
2.58482,-3.50946
2.37941,-3.62679
2.65133,-3.54417
2.64587,-3.46951
2.74863,-3.33332
2.71796,-3.43353
2.73495,-3.49476
2.82997,-3.43861
2.91067,-3.39092
3.01443,-3.32961
-3.15613,-3.02344
-3.04349,-3.122
-3.09907,-3.07337
-2.96169,-3.19358
-2.86107,-3.20344
-2.89498,-3.25195
-2.76127,-3.30284
-2.84029,-3.2998
-2.61269,-3.36084
-2.59732,-3.29834
-2.45665,-3.3305
-2.46806,-3.39227
-2.39604,-3.40962
-2.23098,-3.38235
-2.31915,-3.43743
-2.1765,-3.46366
-2.0272,-3.51164
-2.10964,-3.49035
-1.95395,-3.52322
-1.83035,-3.42821
-1.67237,-3.45956
-1.63536,-3.6134
-1.40273,-3.59711
-0.978134,-3.70643
-0.912749,-3.74612
-1.00658,-3.77323
-0.81294,-3.70678
-0.772257,-3.80537
-0.575712,-3.75029
-0.648507,-3.71287
-0.455868,-3.85251
-0.0582258,-3.98591
-0.0511895,-3.91289
-0.251278,-3.85458
0.553194,-4.08419
0.659524,-4.12143
0.788809,-3.94238
1.07428,-4.03876
1.35827,-3.81182
1.6633,-3.90827
1.64319,-3.65716
1.95984,-3.70865
2.17046,-3.57765
2.08343,-3.72267
2.45116,-3.59387
2.42014,-3.53726
2.55032,-3.4527
2.52208,-3.54749
2.67975,-3.37481
2.81184,-3.29174
2.782,-3.39439
2.98744,-3.27196
2.91883,-3.30904
2.85108,-3.34842
3.09396,-3.28261
3.18824,-3.2269
3.29229,-3.13054
3.24921,-3.1808
3.3377,-3.07756
-3.38491,-2.82326
-3.28606,-2.90976
-3.22966,-2.95911
-3.00711,-3.06416
-2.95635,-3.10728
-3.06106,-3.02156
-2.8627,-3.1105
-2.80977,-3.15376
-2.7633,-3.20396
-2.8034,-3.24972
-2.66017,-3.27927
-2.69886,-3.33958
-2.52572,-3.30548
-2.37827,-3.3467
-2.21567,-3.31907
-2.15395,-3.40364
-2.29326,-3.30466
-1.77079,-3.49945
-1.56184,-3.39763
-1.54938,-3.56051
-1.52938,-3.48939
-1.61444,-3.54766
-1.25962,-3.62843
-0.715475,-3.57808
-0.883412,-3.67815
-0.951179,-3.63853
-0.29007,-3.91104
0.25405,-4.02654
0.032864,-3.92047
0.321468,-4.1197
0.635542,-4.05158
1.15465,-4.01352
1.0259,-3.89434
1.70009,-3.81489
1.676,-3.73987
2.018,-3.76406
2.13126,-3.51946
2.2082,-3.63506
2.70716,-3.27029
2.64182,-3.30945
2.88199,-3.24528
2.94574,-3.20245
3.04801,-3.23493
3.11516,-3.20345
3.12973,-3.10427
3.22691,-3.11203
3.1725,-3.16073
3.27035,-3.05688
3.38647,-3.02066
3.44076,-2.95732
3.38331,-2.91378
3.48762,-2.90266
-3.67845,-2.56642
-3.60531,-2.63042
-3.54312,-2.68483
-3.48892,-2.73225
-3.43633,-2.77827
-3.28084,-2.7347
-3.38943,-2.72952
-3.3372,-2.86501
-3.11674,-2.97696
-3.13976,-2.88436
-2.96994,-3.00674
-2.91195,-3.15678
-2.90852,-3.05683
-2.72789,-3.16387
-2.71866,-3.25568
-2.43785,-3.25779
-2.13781,-3.33676
-2.06448,-3.36162
-2.11573,-3.26659
-1.93589,-3.45996
-1.5951,-3.46113
-1.37521,-3.37694
-1.16151,-3.56622
-1.04312,-3.67269
-0.698813,-3.83564
-0.372548,-3.89005
-0.350239,-3.97134
0.332779,-4.03797
0.475185,-4.10457
0.728013,-4.04404
0.860168,-3.82266
1.05969,-3.96681
1.61877,-3.84854
1.76604,-3.71714
2.09533,-3.62124
2.38062,-3.47858
2.34633,-3.56588
2.57394,-3.35634
2.7905,-3.12528
3.20737,-3.01824
3.14062,-2.98054
3.16813,-3.06286
3.2515,-2.96361
3.30517,-3.00724
3.38107,-2.80533
3.34307,-2.96434
3.54095,-2.84044
3.58831,-2.78518
3.63961,-2.72533
3.75099,-2.59539
3.70531,-2.64869
3.79452,-2.5446
-3.77782,-2.4222
-3.64363,-2.51516
-3.74217,-2.48841
-3.55061,-2.59484
-3.49969,-2.63927
-3.59623,-2.55519
-3.43865,-2.68115
-3.39307,-2.63063
-3.34024,-2.68575
-3.17546,-2.93599
-3.23526,-2.86698
-3.01221,-2.80859
-3.07855,-2.92356
-2.86632,-3.00726
-2.5221,-3.00362
-2.70106,-3.03052
-2.58107,-3.22774
-2.17046,-3.17121
-1.55004,-3.30962
-1.63498,-3.33542
-1.31592,-3.54623
-1.0835,-3.56888
-0.545461,-3.66496
-0.380542,-3.72817
-0.218663,-4.00312
0.145412,-3.86004
0.15865,-4.0759
0.180336,-3.99347
0.708447,-3.96384
1.13604,-3.93746
1.43599,-3.80484
1.87333,-3.75381
1.98044,-3.6029
2.66268,-3.20236
2.61342,-3.41122
2.89848,-3.1416
3.00889,-3.17055
3.19083,-2.92412
3.33814,-2.85979
3.28819,-2.90678
3.43214,-2.85795
3.51853,-2.65986
3.47818,-2.8116
3.55197,-2.71915
3.51621,-2.76466
3.60622,-2.67047
3.73908,-2.50019
3.84088,-2.49051
3.90674,-2.41368
-3.88502,-2.22312
-3.85742,-2.27437
-3.82761,-2.32974
-3.73578,-2.36759
-3.67792,-2.46673
-3.59802,-2.45424
-3.55496,-2.49688
-3.50338,-2.54299
-3.45015,-2.58988
-3.40687,-2.53327
-3.28374,-2.81754
-3.05909,-2.8594
-3.18334,-2.8304
-3.07186,-2.63542
-2.75187,-3.09992
-2.51427,-3.23925
-2.24308,-3.1473
-2.09351,-3.18943
-1.65711,-3.39456
-1.75076,-3.43879
-1.2434,-3.55661
-1.12132,-3.3232
-0.469454,-3.69895
-0.670892,-3.78003
-0.419947,-3.79566
-0.138623,-3.95724
0.422088,-4.03021
0.949717,-3.90371
1.27635,-3.82214
1.59769,-3.7704
1.44748,-3.88252
1.91739,-3.53371
2.24432,-3.53049
2.31648,-3.50352
2.84057,-3.18099
3.09163,-3.03128
3.22712,-2.86288
3.28197,-2.80665
3.42823,-2.76032
3.47135,-2.70079
3.42604,-2.64528
3.69218,-2.55455
3.64978,-2.6159
3.79583,-2.45674
3.7409,-2.34303
3.72786,-2.40955
3.94971,-2.36355
3.99345,-2.31252
4.03756,-2.26106
4.08983,-2.20008
-3.98242,-2.04222
-3.78743,-2.26391
-3.93894,-2.12297
-3.91075,-2.17533
-3.71929,-2.24778
-3.66297,-2.35006
-3.70439,-2.41707
-3.63116,-2.40452
-3.51392,-2.43358
-3.3516,-2.47649
-3.2908,-2.63823
-3.33363,-2.77388
-3.17185,-2.74362
-3.02696,-2.96251
-2.81076,-3.06021
-2.65027,-3.21442
-2.27292,-3.22435
-1.81041,-3.35778
-1.84696,-3.26615
-1.4636,-3.51257
-1.12078,-3.41031
-1.18039,-3.63426
-0.505987,-3.57553
-0.339083,-3.83247
-0.201772,-3.9284
0.620466,-3.97975
0.104966,-3.957
1.20923,-3.89877
1.25744,-3.73985
1.22245,-3.96371
1.23905,-3.62761
2.50936,-3.39348
2.48707,-3.49807
2.77891,-3.22486
3.01721,-3.05529
3.11967,-2.89022
3.32894,-2.74751
3.59335,-2.56241
3.55631,-2.617
3.6385,-2.50319
3.78862,-2.37188
3.64698,-2.39436
3.82954,-2.31671
3.91069,-2.31036
4.0446,-2.16563
3.95303,-2.25404
3.99149,-2.12848
4.14372,-2.13721
4.1908,-2.08227
4.25455,-2.0079
-4.07132,-1.87713
-4.02023,-1.972
-3.90403,-2.04673
-3.93154,-1.99891
-3.87784,-2.09714
-3.76354,-2.31862
-3.63683,-2.23231
-3.82616,-2.03821
-3.49216,-2.33506
-3.59091,-2.33412
-3.61274,-2.28336
-3.46472,-2.48219
-3.3487,-2.58368
-3.23307,-2.68671
-2.92704,-2.95743
-2.65198,-3.14839
-2.36616,-3.2808
-1.98603,-3.37906
-2.08219,-3.43296
-1.38803,-3.45393
-1.47832,-3.42674
-0.780414,-3.63103
-0.647948,-3.40331
-0.501596,-3.77411
-0.220179,-3.79098
-0.150085,-3.85509
0.53139,-4.00916
0.76797,-3.8515
0.307391,-3.94914
1.96318,-3.3961
1.51741,-3.79294
2.03013,-3.66987
2.05211,-3.55555
2.29254,-3.43404
2.73093,-3.16429
3.06605,-2.94917
3.04888,-2.84681
3.37534,-2.69996
3.47825,-2.47398
3.6434,-2.28459
3.6961,-2.30658
3.7943,-2.27185
3.86781,-2.3695
3.92818,-2.17757
3.98422,-2.02859
3.99172,-2.21121
4.09181,-2.10901
4.1422,-2.04436
4.29498,-1.96073
4.3314,-1.91569
-4.17628,-1.6822
-4.11689,-1.79249
-4.04672,-1.92282
-4.09475,-1.83361
-3.77339,-2.14412
-3.77465,-1.98588
-3.81828,-2.21024
-3.84425,-2.15463
-3.67501,-2.1785
-3.6887,-2.29776
-3.44468,-2.38686
-3.4026,-2.4326
-3.29654,-2.52674
-3.07273,-2.75164
-2.75796,-3.00584
-2.64654,-3.06882
-2.57948,-3.14363
-2.34619,-3.20459
-1.73423,-3.36095
-1.46916,-3.34792
-1.28386,-3.40079
-1.22194,-3.48705
-0.846949,-3.59939
-0.462352,-3.48441
-0.425835,-3.61478
-0.308878,-3.76063
0.219954,-3.91887
0.959987,-3.81497
0.941775,-3.72443
1.45817,-3.72328
1.74563,-3.63664
2.25629,-3.38021
2.20768,-3.47102
2.5228,-3.2973
3.08024,-3.15451
2.99689,-2.98792
3.16296,-2.82335
3.48935,-2.58452
3.68397,-2.45276
3.835,-2.20448
3.87437,-2.13827
3.87891,-2.2464
3.93813,-2.08741
3.96707,-1.92706
4.11495,-1.88389
4.17811,-1.99526
4.20339,-1.84634
4.39111,-1.77456
4.36066,-1.84654
4.41607,-1.71557
-4.22687,-1.58825
-4.24916,-1.54685
-4.02222,-1.8268
-3.96008,-1.94486
-4.05168,-1.76983
-3.91261,-1.88785
-3.99168,-1.88074
-3.58585,-2.00654
-3.8072,-1.92294
-3.55936,-2.20186
-3.70781,-2.11241
-3.44805,-2.25136
-3.24135,-2.57796
-3.02228,-2.69057
-3.18018,-2.63496
-2.81419,-2.85921
-2.81514,-2.95653
-2.42126,-3.18418
-1.89611,-3.0775
-1.57994,-3.17649
-0.989682,-3.50863
-1.31189,-3.47718
-0.636399,-3.63233
-0.920036,-3.57228
-0.811164,-3.52267
0.533216,-3.80534
-0.0551316,-3.84698
0.419299,-3.94744
1.35836,-3.72588
1.17917,-3.82787
1.84101,-3.68379
2.08029,-3.4272
1.80113,-3.49002
2.40842,-3.27617
2.60182,-3.24804
3.05133,-3.10154
3.31761,-2.63317
3.41138,-2.42886
3.53471,-2.51613
3.73657,-2.23116
3.77912,-2.16779
3.92883,-1.84309
4.041,-2.07264
4.13691,-1.8206
4.21934,-1.9482
4.01599,-1.87391
4.16778,-1.76943
4.30221,-1.82786
4.38041,-1.62836
4.44198,-1.65432
4.47143,-1.58471
-4.29551,-1.46078
-4.27363,-1.50142
-3.86924,-1.81845
-4.01891,-1.67129
-4.14397,-1.74221
-3.99252,-1.72857
-3.96674,-1.78307
-3.76292,-1.70171
-3.83867,-1.87101
-3.74291,-2.0522
-3.48392,-2.17342
-3.74774,-2.19435
-3.33904,-2.36656
-3.29353,-2.42583
-3.22577,-2.78286
-2.99249,-2.90573
-2.40715,-3.10212
-2.47286,-3.0949
-1.9068,-3.405
-1.20238,-3.41167
-1.88504,-3.33562
-1.73675,-3.29053
-0.717849,-3.67837
-0.607804,-3.55481
-0.109394,-3.74968
0.688282,-3.86876
0.437452,-3.83678
0.520362,-3.92882
1.59442,-3.4578
1.87712,-3.43974
1.10116,-3.87192
2.45723,-3.33666
2.00346,-3.48712
2.48104,-3.21939
2.60457,-3.11487
2.95419,-3.09502
3.10114,-2.77816
3.21583,-2.75834
3.6039,-2.24
3.92196,-1.98795
3.66663,-2.03606
4.17229,-1.90789
4.05769,-1.81263
4.26644,-1.88941
4.07072,-1.92785
4.40504,-1.56934
4.08785,-1.74686
4.38315,-1.44818
4.24842,-1.57686
4.4972,-1.52381
4.52604,-1.45563
-4.34506,-1.36875
-4.20283,-1.48201
-4.14763,-1.59099
-4.20332,-1.63199
-4.11227,-1.65396
-3.84065,-1.34761
-4.04846,-1.62615
-3.74714,-1.8755
-3.67721,-1.66546
-3.64025,-1.73339
-3.51361,-1.96181
-3.63599,-2.07824
-3.80569,-2.09158
-3.53242,-2.27528
-3.12161,-2.5795
-2.88968,-2.79163
-2.68924,-2.87781
-2.8773,-2.9077
-2.50301,-3.17033
-2.10331,-2.91679
-1.2605,-3.31312
-1.44673,-3.26969
-1.35402,-3.28555
-1.01503,-3.59028
-0.87857,-3.31803
-0.193477,-3.70407
-0.36689,-3.5393
1.07161,-3.79937
0.0512103,-3.84293
1.15988,-3.75411
1.48265,-3.50367
1.6976,-3.42255
2.36522,-3.20115
2.61062,-2.92126
2.53349,-3.06886
2.73815,-3.05925
2.92327,-3.02249
3.5838,-2.44363
3.37927,-2.31015
3.67405,-2.18957
3.81872,-2.09458
3.71557,-1.952
3.88658,-1.89994
4.20231,-1.71045
4.32776,-1.7573
4.35495,-1.68551
4.2414,-1.79475
4.29142,-1.67171
4.15548,-1.61512
4.45809,-1.44723
4.55076,-1.39721
4.57388,-1.34255
-4.41949,-1.23052
-4.37295,-1.31697
-4.23527,-1.42507
-4.27409,-1.36212
-3.9661,-1.62673
-4.04546,-1.49293
-3.92487,-1.69408
-4.08024,-1.57488
-3.93972,-1.83666
-3.88533,-1.93759
-3.85595,-1.99013
-3.72499,-1.76929
-3.54462,-2.09268
-3.14229,-2.32486
-3.55775,-2.38605
-3.11479,-2.80423
-2.94363,-2.86457
-3.04827,-2.53278
-2.3029,-3.02851
-2.19929,-3.24429
-2.03537,-3.28211
-2.10263,-3.10493
-1.51901,-3.22912
-1.09666,-3.22357
-0.906288,-3.49311
-0.915024,-3.40384
0.253921,-3.83286
0.16104,-3.77382
-0.0194365,-3.77959
0.798485,-3.62809
1.52431,-3.60472
1.56507,-3.69169
1.90818,-3.64193
2.67478,-3.10006
2.55249,-3.18663
2.40593,-3.05227
2.80945,-3.01112
2.85213,-3.07809
3.59309,-2.34902
3.53049,-2.29992
4.0879,-2.01654
4.12791,-1.68582
3.85416,-1.80213
3.9783,-1.56876
4.18042,-1.54691
4.22301,-1.64437
4.26645,-1.73338
4.0769,-1.59331
4.4992,-1.34699
4.24205,-1.40892
4.43321,-1.50574
4.61127,-1.25419
-4.44527,-1.18264
-4.46821,-1.14004
-4.31927,-1.41665
-4.3968,-1.27267
-4.10688,-1.51544
-4.21121,-1.33297
-4.00669,-1.39469
-4.1754,-1.53682
-3.79334,-1.80943
-3.70524,-1.95429
-3.83413,-1.73557
-3.56234,-1.88512
-3.47882,-1.82711
-3.60086,-1.8033
-3.39876,-2.31368
-3.17582,-2.52879
-2.74266,-2.92255
-2.96259,-2.74332
-2.64421,-2.99269
-2.32193,-3.11169
-1.81007,-3.18933
-1.42695,-3.14583
-1.00335,-3.29233
-1.14163,-3.49491
-0.247394,-3.32709
-0.698066,-3.49294
-0.34246,-3.65756
0.437252,-3.67179
1.13871,-3.67166
1.07157,-3.58768
1.45427,-3.37093
1.84072,-3.58532
2.16723,-3.31688
2.33599,-3.33479
2.89148,-2.94987
2.65836,-3.00616
2.8456,-2.88126
3.14845,-2.70608
3.46406,-2.25472
3.74993,-2.05953
3.58546,-1.98258
3.84408,-1.95319
3.83521,-1.63639
3.88247,-1.55159
4.3355,-1.55247
4.31237,-1.61006
4.36133,-1.49766
4.39425,-1.24723
4.33608,-1.37513
4.5939,-1.29523
4.62937,-1.21141
4.6495,-1.16383
-4.49357,-1.09296
-4.30933,-1.08042
-4.37051,-1.1869
-4.33146,-1.24654
-4.30114,-1.30469
-4.23925,-1.27471
-4.11092,-1.36654
-4.17716,-1.39359
-3.62991,-1.54712
-3.90469,-1.42191
-3.5305,-1.73622
-3.94063,-1.52872
-3.07619,-1.68959
-3.26563,-1.97403
-3.604,-2.13608
-3.2236,-2.47283
-3.13146,-2.6932
-2.76993,-2.80222
-2.18643,-2.96653
-2.61846,-2.93248
-2.2083,-3.06393
-1.96283,-3.31172
-1.63189,-3.25514
-0.969866,-3.18384
-1.0516,-3.46673
-0.56882,-3.44983
0.0569901,-3.71157
0.294864,-3.72339
0.683937,-3.65605
1.43536,-3.63508
0.760103,-3.51517
1.72451,-3.53758
2.15998,-3.40903
2.4494,-3.43642
2.56206,-2.81445
2.98138,-2.90537
3.43251,-2.5385
3.45271,-2.357
3.37001,-2.58891
3.7186,-2.12035
3.48712,-1.70302
3.97519,-1.7942
3.91201,-1.71795
4.04712,-1.42043
4.27771,-1.51217
3.95445,-1.36144
4.13364,-1.44734
4.31638,-1.22543
4.40361,-1.39502
4.52213,-1.29188
4.45939,-1.27097
4.6989,-1.04706
4.68436,-1.08143
-4.53964,-1.0074
-4.51539,-1.05242
-4.47067,-1.00148
-4.07696,-1.26183
-4.20847,-1.17683
-3.98045,-1.46029
-4.13797,-1.4546
-4.30255,-1.16595
-4.08146,-1.71054
-3.97644,-1.28141
-4.07319,-1.42484
-3.86334,-1.65849
-3.90393,-1.59003
-3.67901,-1.83956
-3.28071,-2.17352
-3.05897,-2.38792
-3.21123,-2.24534
-2.91253,-2.5333
-2.49474,-2.89904
-2.24082,-2.80721
-2.25681,-2.90384
-1.72107,-3.22614
-1.20774,-3.23267
-0.844969,-3.20858
-0.790236,-3.43928
-0.405402,-3.26538
0.200622,-3.64563
-0.0273047,-3.24893
0.609989,-3.89463
0.835625,-3.71969
1.20225,-3.53297
1.35935,-3.53053
2.16643,-2.94281
2.28362,-3.26042
2.44978,-3.13381
2.99837,-2.76664
3.27063,-2.69639
3.12022,-2.59787
3.34708,-2.50724
3.87174,-2.04141
3.64923,-1.88998
3.38403,-1.60142
4.0317,-1.97704
3.82281,-1.37571
4.16499,-1.36426
4.21506,-1.10078
4.28416,-1.28564
4.35337,-1.16229
4.48281,-1.20421
4.66778,-1.12061
4.54971,-1.22707
4.71558,-1.00762
-4.58798,-0.896457
-4.56131,-0.967152
-4.41715,-0.981326
-4.35338,-1.10785
-4.31755,-1.00918
-4.0522,-1.14234
-3.93373,-1.35139
-4.00766,-1.21019
-3.8795,-1.2601
-4.04708,-1.32486
-3.71676,-1.5826
-3.80303,-1.41271
-3.76009,-1.49864
-3.28797,-1.66129
-3.66941,-2.02076
-3.20378,-2.39658
-2.97312,-2.4613
-3.32963,-2.08902
-2.55958,-2.8654
-2.90362,-2.67634
-2.39746,-2.99575
-2.00575,-3.20291
-1.31909,-3.2004
-1.04493,-2.92676
-0.75758,-3.35075
-0.582929,-3.32408
0.278603,-3.53983
-0.25552,-3.45696
0.0968248,-3.61093
0.732361,-3.76067
1.78867,-3.21194
1.61908,-3.5606
2.05894,-3.3292
2.02854,-3.03268
2.22524,-3.19611
2.93647,-2.82633
3.04701,-2.69327
3.04122,-2.36757
3.25779,-2.56518
3.78732,-1.9962
3.54125,-2.19808
4.00767,-1.73172
3.91689,-1.44881
4.37598,-1.0891
4.30761,-1.44361
4.42143,-1.18124
4.47816,-1.39454
4.51018,-1.1375
4.60317,-1.10051
4.42691,-1.33431
4.73124,-0.97061
4.76646,-0.887374
4.74814,-0.930663
-4.61362,-0.812222
-4.57626,-0.934982
-4.60008,-0.856705
-4.5134,-0.885595
-3.38645,-1.05746
-4.40218,-1.13075
-4.26721,-1.2184
-4.38124,-1.03925
-3.64323,-1.23237
-4.1111,-1.19734
-3.70753,-1.12796
-4.00573,-1.56586
-3.89673,-1.76318
-3.82967,-1.55138
-3.40223,-1.43837
-3.11395,-2.46305
-3.1372,-2.1573
-2.97521,-2.61008
-2.88364,-2.39178
-2.41746,-2.82363
-2.01575,-2.9173
-2.00504,-3.1212
-1.09231,-3.11246
-0.428565,-3.39283
-1.01311,-3.39318
0.161315,-3.05441
-0.27119,-3.57888
0.471851,-3.5492
0.000632248,-3.44145
0.119177,-3.47923
0.632029,-3.50809
1.80168,-3.3517
2.35369,-2.96737
2.38652,-3.38975
2.21363,-3.06397
2.32023,-3.12453
3.18561,-2.50626
3.20012,-2.6429
3.33818,-2.38679
3.39589,-2.19921
3.22384,-2.37848
4.04037,-1.66199
4.10405,-1.5235
3.77035,-1.49964
4.31423,-1.06237
4.29579,-0.858891
4.44887,-1.11286
4.3639,-1.30566
4.5408,-1.07819
4.63102,-1.03655
4.66212,-0.973555
4.68446,-0.908789
4.78617,-0.840793
-4.62832,-0.763922
-4.19651,-0.894694
-4.54333,-0.818052
-4.43493,-1.06264
-4.17328,-1.06486
-4.21057,-0.969411
-4.17375,-1.24549
-4.29553,-0.900725
-4.1418,-1.1366
-4.23513,-1.11791
-3.54642,-1.45725
-3.15845,-1.53519
-2.51806,-1.66534
-3.48099,-2.04982
-3.35452,-2.22639
-3.41158,-2.13597
-3.27219,-2.30972
-2.77928,-2.64724
-2.84189,-2.58627
-2.31317,-2.65551
-2.09077,-3.01763
-1.67877,-3.15206
-1.53479,-3.08125
-0.928782,-3.05089
-0.173079,-3.61681
-0.355475,-3.10075
-0.210448,-3.18425
0.342843,-3.86432
1.04474,-3.71192
1.18824,-3.41815
1.61578,-3.32189
2.13537,-3.24543
1.38075,-3.23735
2.75226,-2.9398
2.80493,-2.79936
3.28125,-2.45942
3.60749,-2.12154
3.47649,-2.12945
3.67886,-1.70947
3.7934,-1.87517
3.5313,-2.0574
4.20967,-1.47601
4.01386,-1.4961
4.1255,-1.15504
4.37767,-0.895194
4.51156,-0.999264
4.58066,-1.00637
4.58091,-0.788365
4.438,-0.942282
4.73765,-0.783603
4.708,-0.844944
4.80627,-0.79327
4.82572,-0.747311
-4.66183,-0.653811
-4.65189,-0.686482
-4.64045,-0.724056
-4.45004,-0.859424
-4.49158,-0.936402
-3.61282,-0.497998
-4.33994,-0.953562
-3.806,-1.18259
-4.04701,-0.962398
-3.46471,-0.894176
-3.78345,-1.02003
-4.14367,-1.30688
-3.24068,-1.36719
-3.42547,-1.91441
-3.43623,-1.66576
-3.64194,-1.91496
-3.37839,-2.00169
-2.81163,-2.46736
-2.56108,-3.06972
-2.71317,-2.71495
-2.57881,-2.7289
-2.62329,-2.79632
-1.91058,-3.16512
-0.141317,-1.40898
-0.155229,-3.49382
-0.096552,-2.33325
-0.545766,-3.2179
-0.0400275,-3.56733
0.367793,-1.51653
0.623254,-3.78326
0.643417,-3.05184
1.31888,-3.40957
2.67974,-2.74021
2.27058,-2.87342
1.81966,-2.98896
2.9704,-2.63141
3.12671,-2.44319
3.28393,-2.2791
3.57471,-1.80526
3.30973,-2.14294
3.49829,-1.92
3.58723,-1.59444
3.40157,-1.83447
3.85539,-1.26534
4.01474,-0.784766
4.50231,-0.765035
4.5621,-0.865443
4.57527,-1.16333
4.47342,-1.04793
4.59585,-0.945338
4.70133,-0.692824
4.55654,-0.648315
4.84651,-0.698156
-4.67351,-0.615431
-4.68191,-0.587841
-4.27211,-0.707576
-4.22304,-0.766921
-4.20478,-0.657859
-4.47299,-0.79432
-4.42623,-0.913543
-4.382,-0.568419
-3.96208,-1.11483
-3.92187,-1.19232
-3.70556,-1.37238
-3.5671,-1.07703
-3.38667,-1.76273
-3.72701,-0.714019
-3.31835,-1.85946
-3.21727,-1.78112
-3.05316,-2.04489
-2.65173,-2.21162
-2.83241,-2.73734
-1.78454,-2.27416
-1.74628,-2.99647
-1.93034,-3.24299
-1.64085,-3.04939
-1.2689,-2.89113
-1.06319,-2.77165
-0.880099,-1.7509
-0.0603356,-1.15749
0.533386,-3.68515
0.398303,-3.14312
0.937051,-3.61774
1.03688,-3.47256
1.35413,-3.05129
1.60492,-2.57652
1.89853,-3.29022
2.89682,-2.72506
2.44706,-2.87367
3.20567,-2.20977
2.98771,-2.22295
3.41824,-2.03087
4.08287,-1.32007
3.94867,-1.65334
3.62461,-1.46049
4.14369,-1.0061
3.98512,-1.26938
4.19587,-1.28144
4.28504,-0.949765
3.95801,-0.889134
4.42164,-0.736531
4.62818,-0.664863
4.62035,-0.882978
4.76648,-0.717195
4.75876,-0.477789
4.86864,-0.645844
4.8926,-0.589212
-4.70124,-0.524327
-4.69317,-0.550843
-4.32795,-0.770927
-4.62673,-0.50438
-4.51915,-0.607425
-4.24265,-1.03498
-4.1537,-0.733362
-4.42803,-0.735869
-4.3062,-0.558934
-4.12911,-1.02061
-4.00522,-1.03169
-3.90132,-1.01638
-3.51116,-1.19517
-3.48512,-1.5638
-3.79381,-1.62882
-3.06164,-2.24432
-2.70698,-2.53765
-2.73474,-2.35507
-2.51536,-2.5232
-1.79134,-3.0991
-1.39457,-3.01185
-1.99957,-3.01736
-1.07504,-1.99482
-1.39695,-2.8714
-0.34008,-1.09591
-0.820565,-2.89715
0.220542,-2.28288
0.887483,-2.92051
0.289965,-2.85604
1.33859,-3.63478
2.08687,-3.14561
1.18434,-3.27269
1.13996,-0.766254
1.4014,-2.3919
2.50924,-2.97275
3.0455,-2.53249
3.14046,-2.30732
3.52247,-2.40043
3.71719,-1.81472
3.71406,-1.61538
4.11006,-1.22796
4.25098,-1.03282
4.01484,-1.15222
4.51166,-0.913437
3.64487,-0.950204
4.19944,-0.674694
4.4077,-0.63384
4.59864,-0.726867
4.57595,-0.574735
4.6442,-0.816992
4.49754,-0.828633
4.8213,-0.594667
4.93799,-0.481943
4.91652,-0.532691
-4.72335,-0.451685
-4.71251,-0.487277
-4.60502,-0.357521
-4.50917,-0.673679
-4.57745,-0.684545
-4.55981,-0.748051
-4.49649,-0.732618
-4.4519,-0.433548
-3.95361,-0.946169
-4.36731,-0.885229
-4.23159,-0.567883
-4.30465,-0.816573
-4.08255,-1.07938
-2.93365,-2.15068
-2.89891,-1.95082
-3.13152,-1.91491
-2.60968,-2.43912
-2.50004,-2.32305
-2.63819,-2.61316
-2.00535,-2.14199
-2.16613,-2.73054
-1.31555,-3.11959
-0.570925,-0.359358
-0.791457,-3.05789
-0.210645,-1.70559
-0.25409,-2.6102
0.258875,-1.74586
-0.00460735,-2.77531
0.542739,-2.84191
0.890228,-3.50312
0.799489,-3.37233
1.01598,-3.33574
1.98597,-3.21887
1.55265,-3.19837
2.24822,-2.66141
2.94046,-2.44645
2.61875,-2.59839
2.59283,-2.40027
3.11825,-2.12878
3.23382,-2.04138
3.7839,-1.74143
3.16393,-1.88803
4.22098,-1.20771
3.81314,-0.803231
4.42491,-0.841676
4.12932,-0.581982
4.28387,-0.758762
4.67266,-0.751948
4.79429,-0.651325
4.83398,-0.444458
4.75181,-0.288193
4.83403,-0.531473
4.46085,-0.444737
4.91666,-0.329374
4.95677,-0.437558
-4.74736,-0.372787
-4.38457,-0.276693
-4.44599,-0.660948
-4.38941,-0.49789
-4.62571,-0.306613
-4.6482,-0.44643
-4.3899,-0.810242
-4.31151,-0.618445
-4.39198,-0.629365
-4.34423,-0.475381
-3.7047,-0.834465
-2.84595,-1.68013
-2.46461,-1.25538
-2.81128,-1.15692
-2.99012,-1.82008
-3.20679,-2.06959
-2.93783,-1.47544
-2.96908,-2.30295
-2.84375,-2.25058
-1.87171,-2.97377
-1.29599,-1.89346
-1.29929,-2.69655
-1.18232,-3.07017
-1.52242,-2.65151
-0.726233,-3.24724
-0.661832,-3.14
1.07223,-1.19004
0.360583,-3.37665
0.771391,-2.66602
0.942882,-3.18824
0.384842,-3.76755
0.396661,-1.26388
1.74899,-0.757786
1.06756,-1.983
2.37162,-2.75964
2.87644,-2.55635
2.71001,-2.8536
2.83431,-2.12297
3.00473,-1.74865
3.31947,-1.94351
4.26144,-1.34448
3.79333,-0.976186
4.35009,-0.976509
4.52351,-0.714208
4.14446,-0.784042
4.35506,-0.783785
4.4965,-0.548675
4.76254,-0.566781
4.69864,-0.364278
4.75845,-0.404741
4.89632,-0.396974
4.8331,-0.385095
4.97489,-0.394726
4.9941,-0.349313
-4.77049,-0.296775
-4.73542,-0.412005
-4.61269,-0.561152
-4.66581,-0.382819
-4.24331,-0.46602
-4.54333,-0.542978
-4.09329,-0.906784
-4.47717,-0.520934
-3.9487,-0.647503
-2.24432,-1.122
-4.0507,-0.656182
-4.35541,-0.71523
-3.26769,-0.764658
-3.10805,-1.0086
-2.78956,-2.08321
-3.66586,-1.45963
-1.98196,-2.45255
-1.9236,-1.88351
-2.06791,-2.81481
-2.35872,-2.89344
-1.56786,-2.83858
-1.12969,-0.0591828
-1.7178,-2.86737
-1.55817,-2.96885
-0.469079,-1.61698
-1.50718,-1.77444
-0.790005,-2.66914
0.257717,-0.643104
0.474742,-0.126183
-0.0702683,-3.65854
1.75746,-2.09767
1.79656,-2.40707
1.99391,-2.25553
1.9061,-3.12184
2.79444,-2.66488
2.83773,-2.36479
2.73962,-2.50977
2.1116,-2.7697
2.4577,-1.62522
4.07916,-1.07199
3.53762,-1.28368
3.63848,-0.731344
4.27572,-1.1466
4.2154,-0.835919
3.94278,-1.01773
4.6244,0.0161326
4.48724,-0.629318
4.65816,-0.600002
4.61818,-0.059198
4.72846,-0.627026
4.65986,-0.524428
4.84613,-0.329849
4.91543,-0.263938
4.9894,-0.294496
-4.78426,-0.251552
-4.75934,-0.333415
-4.33559,-0.388611
-4.7277,-0.191346
-4.50321,-0.447608
-4.42752,-0.377255
-4.18933,-0.406105
-4.59331,-0.626717
-3.85164,-0.4842
-4.56459,-0.471128
-4.15429,-0.56751
-4.02006,-0.109147
-4.23281,-0.850395
-3.75576,-1.28455
-3.58852,-1.34802
-2.7154,-0.146137
-2.53626,-2.02355
-2.17017,-1.71759
-1.36379,-1.55066
-1.0329,-2.57967
-1.69793,-2.71026
-1.75902,-2.51045
-1.87185,-2.84516
-0.645585,-1.84027
-0.471582,-2.51473
0.66027,-1.81418
-0.0749853,-3.02402
0.82133,-1.40891
0.42138,-2.39116
1.16446,-2.84253
1.74522,-0.372275
1.50732,-1.26682
1.58263,-2.2711
1.42622,-0.879613
1.95953,-2.89308
2.36895,-1.89604
2.63362,-0.518483
2.7096,-2.24324
3.74419,-1.13809
3.28413,-1.74479
4.33823,-0.372991
3.1434,-0.616129
4.0758,-0.943795
4.00642,-0.435199
4.31096,-0.677329
4.4178,-0.511471
4.56374,-0.0645883
4.53636,-0.424848
4.74758,-0.167142
4.77393,-0.219242
4.62637,-0.358548
4.87008,-0.499076
4.97308,-0.231547
-4.7973,-0.208702
-4.80856,-0.171685
-4.69221,-0.319724
-4.70886,-0.257685
-4.58941,-0.163839
-4.57907,-0.22429
-4.29307,-0.304335
-4.58853,-0.414049
-3.81968,-0.292657
-3.64855,-0.958352
-4.07633,-0.759596
-3.8609,-1.09866
-3.02451,-1.23766
-3.34256,-1.54416
-2.6926,-1.84735
-2.14428,-1.35856
-2.37434,-2.12216
-2.01017,-2.6169
-2.27968,-1.88929
-0.530762,-2.79462
-1.49048,-0.561649
-0.316495,-2.90563
-0.574215,-0.98379
-0.479083,-0.759631
0.0179708,-1.73353
-0.415015,-1.91716
0.621885,-1.56815
0.534508,0.864225
1.1491,-3.09039
1.39253,-2.03446
0.616416,-0.262968
1.28947,-1.01044
0.803226,-0.508348
1.6277,-1.56615
2.08812,-0.46503
1.8273,-1.72168
3.25633,-1.26234
3.5247,-1.09935
2.80262,-0.792322
4.24334,-0.498512
4.42273,-1.02113
3.70571,-1.28562
4.24357,-0.290565
4.71886,-0.542599
4.42734,-0.323035
3.88991,-1.15324
4.77487,-0.34212
4.26366,-0.0751713
4.90272,-0.190125
4.41915,0.0822316
4.84206,-0.210546
4.68486,-0.252668
4.95753,-0.171572
-4.82934,-0.103438
-4.8179,-0.141013
-4.5179,-0.372978
-4.6649,-0.172966
-4.67653,-0.110103
-4.51734,-0.155056
-4.23548,-0.230477
-3.54605,-0.119026
-3.3797,-0.546903
-4.44697,-0.226499
-4.14607,-0.833939
-3.82636,-0.892417
-4.07571,-0.554557
-3.94902,-0.342868
-3.78239,-0.0522584
-3.45062,-1.31509
-3.86401,-1.48043
-2.21257,-2.29783
-2.23648,-2.53171
-1.44485,-2.13989
-2.14602,0.333646
-1.19304,-0.774117
-0.946203,-0.543318
-0.739503,-1.52058
-0.585543,-3.01032
-0.918459,-2.33952
0.0700343,-2.00016
0.08682,-2.48417
0.781147,-1.07914
0.147161,-3.32222
1.24926,-2.53844
1.46048,-1.70156
1.41539,-2.77834
2.05569,-0.878704
1.94261,-1.03531
1.93265,-2.64333
2.12864,-1.28425
2.34773,-2.2728
3.03176,-2.02777
3.20291,-1.5391
3.34412,-0.963055
3.20545,1.03498
3.409,-0.762264
3.01247,-1.41106
4.07472,-0.266393
4.31879,-0.447902
4.28068,0.109807
4.70141,-0.0250764
4.79638,-0.14132
4.21943,-0.377983
4.68046,-0.203229
4.85289,-0.275787
4.9322,-0.073843
4.94375,-0.118384
-4.84189,-0.0621964
-4.76541,-0.0654983
-3.87815,-0.106525
-4.85064,-0.0334277
-4.61461,-0.0936975
-4.44124,-0.0115067
-4.1451,-0.120516
-4.36916,-0.000432231
-4.33984,-0.23231
-4.4517,-0.583704
-4.63793,-0.243664
-3.95433,-0.51224
-3.23765,-0.176158
-2.89229,-0.893003
-2.17742,-0.313111
-2.56636,-0.992412
-1.7619,-0.738571
-1.89169,-1.25343
-1.97996,-1.56151
-1.65718,-2.00611
-1.27321,-0.432292
-1.13911,0.466582
-0.697174,-2.42676
-0.582147,-2.15413
-0.9906,-0.82704
-0.811043,-2.06837
-1.1237,-1.65724
-0.247298,-0.792948
0.890591,-2.34603
0.909351,-1.75831
0.634097,-2.12089
1.96157,-1.89527
1.19309,-2.21518
1.70949,-2.79061
2.49641,-2.67229
1.76657,-1.21118
2.57048,-2.05743
2.88857,-1.92757
2.69525,-1.826
4.19431,-0.919688
3.52933,-0.4106
3.43226,-1.41654
4.26097,-0.143069
3.87858,-0.693274
4.53953,0.00518799
4.49219,-0.106876
4.59561,-0.503846
4.74938,-0.08672
4.59361,-0.139494
4.62646,-0.300844
4.50633,-0.30798
4.68402,-0.448031
4.87001,-0.13951
4.92167,-0.0332479
-4.86626,0.0179012
-4.86666,0.0191994
-4.66136,0.134366
-4.63433,-0.0295531
-4.54967,-0.315824
-4.64103,0.0315855
-4.18243,0.369586
-4.47055,-0.321074
-4.13056,-0.242498
-4.11451,-0.347999
-3.86066,-0.708633
-3.04949,-0.693274
-3.56266,-0.709242
-2.52847,0.427878
-3.58186,-1.63197
-1.75909,-1.69831
-1.56876,-0.338955
-2.39226,0.70348
-1.21191,-1.33858
-2.37142,-2.45099
-0.979416,-1.43436
-1.11153,-1.1101
-0.986616,0.794517
-0.192945,-2.00615
-0.311969,-0.467502
-0.362351,0.192388
-0.103705,-0.606324
-0.030068,0.144206
0.709078,-3.23422
0.548864,-3.37253
1.55469,-2.96389
1.22477,0.674564
1.0359,0.49836
0.676812,0.0860633
1.40206,0.534541
2.41175,-2.50895
2.05081,-0.201857
1.80237,-0.165898
2.59637,0.790664
2.52917,0.484278
2.84311,-1.59274
3.93624,-0.527821
4.09479,-0.0965604
4.60634,-0.230306
4.45545,0.0135884
4.39492,-0.0789896
4.32981,0.00525576
4.55426,0.230416
4.60961,-0.426987
4.82776,0.0563564
4.84585,-0.0120818
4.89928,0.0531353
4.90936,0.0142472
-4.88988,0.0954972
-4.88191,0.0693154
-4.83271,0.190571
-4.823,0.130621
-4.79012,-0.00874034
-4.53578,-0.0325029
-4.74084,-0.122106
-4.80587,0.0584901
-4.25382,0.165284
-4.15929,0.171246
-4.23909,-0.159954
-4.02201,-0.821294
-4.04593,-0.426654
-2.7485,-0.5303
-3.77046,-0.595698
-3.90376,-0.815318
-2.68875,-1.41493
-1.5677,-1.4504
-1.94557,0.96432
-1.53429,0.115347
-1.86005,-2.70943
-1.46331,-2.38024
-1.35571,1.51408
-2.51585,-2.68149
-1.44185,-1.21077
-0.616769,0.0845786
0.588695,-0.678649
0.201191,-1.19564
-0.322601,0.564329
1.01793,-2.60823
0.505975,0.266434
1.67531,-3.11305
1.64351,-0.541597
2.16391,-2.0573
0.546321,-0.914825
1.59559,-0.0581789
2.31626,-1.01483
2.14964,-1.68385
2.4746,-0.842288
2.86185,-1.22841
3.11713,-0.811598
2.8382,1.18807
4.07321,-0.624385
4.397,0.228139
3.35354,-0.0177117
3.87212,-0.290903
4.03709,0.109203
4.21018,0.281582
4.8515,-0.0773564
4.72078,0.178226
4.43086,-0.186985
4.81472,0.11398
4.77939,-0.0134703
4.8874,0.0989652
-4.90989,0.161229
-4.90223,0.13608
-4.7239,0.0989824
-4.53985,0.107485
-4.41499,-0.162638
-4.6348,0.105048
-4.54616,-0.0974278
-4.29792,0.0579716
-4.37359,0.159009
-4.14996,0.0169147
-3.59721,0.148272
-2.87422,-0.301915
-4.46733,0.0483694
-4.00993,-0.214847
-2.38258,0.155548
-2.61894,-0.739197
-1.92937,-0.469993
-1.72093,0.913896
-2.13491,0.0927104
-1.43429,0.69679
-1.81163,0.119193
-1.77609,-1.4261
-0.403328,-1.36
-0.733736,-0.615745
-1.15427,-2.24601
-0.0697402,-0.251264
-0.828815,-0.277422
0.775177,0.333309
0.35653,-2.12124
1.16862,-0.142522
1.2295,-1.74756
0.278933,0.131013
0.96271,0.19828
1.45922,0.341787
1.6992,1.22106
2.00859,0.750036
1.93496,2.33788
2.35767,0.753886
2.47122,1.30572
2.49095,0.043035
3.23109,0.783287
2.74705,0.315474
3.71547,-0.547777
4.32312,-0.591024
3.06943,0.154074
4.37717,0.147262
4.30828,0.213432
4.38025,-0.228364
4.53676,-0.22592
4.74564,0.119442
4.59229,0.085379
4.77818,0.216785
4.69912,-0.11013
4.8737,0.151783
-4.92287,0.203879
-4.4543,0.383668
-4.34533,-0.094709
-4.74728,0.0170924
-4.66154,0.181047
-4.70626,-0.0394921
-4.5119,-0.21988
-4.66477,0.476697
-4.52445,0.0352491
-4.59504,0.0454719
-4.04953,0.187003
-4.63112,0.400498
-3.38505,-0.296414
-3.04597,-0.036127
-3.30188,-1.19166
-2.64756,0.93784
-1.88569,1.19297
-3.28572,0.632054
-2.14993,-0.579074
-1.24977,-2.46637
-1.33622,0.172303
-1.45903,0.425852
-0.882176,-1.16951
-1.20292,0.739814
-0.928952,1.10461
-0.114442,0.782389
-0.337149,-2.25563
0.0480881,-0.907455
0.881425,-0.774338
0.641302,-2.43433
0.639789,-1.2697
0.628742,1.63746
1.96679,1.04134
1.55057,0.772532
1.27997,-1.36226
2.28826,-1.44336
2.47505,-1.20609
2.22507,0.503229
2.20844,-0.764062
2.82369,-0.231779
2.86228,-0.527828
2.79943,0.0441451
3.28889,-0.350682
4.57072,0.506745
4.46578,0.234171
4.52809,0.290006
4.56867,0.150194
4.4965,0.119239
4.64626,0.16755
4.36204,0.316564
4.68609,0.0443818
4.79738,0.166739
4.85637,0.218625
4.85966,0.205941
-4.95155,0.29814
-4.93774,0.252743
-4.90602,0.448785
-4.84704,0.293247
-4.76702,0.207448
-4.57508,0.587577
-4.56564,0.19233
-4.83892,0.650128
-4.24478,-0.0296425
-4.45349,-0.106038
-4.42377,0.333617
-4.4803,0.614913
-3.07276,-0.43655
-3.67954,0.697852
-4.27643,-0.372399
-3.73535,-0.377556
-2.34699,-1.53157
-2.32179,-0.904942
-2.8698,1.48695
-1.65031,0.63628
-1.80883,-1.06497
-1.64747,-0.920072
-0.315368,1.57696
-0.143903,0.341051
-0.921148,1.43482
-0.377594,1.19767
0.110124,1.90358
-0.657287,-1.26035
0.391788,-0.446513
0.302524,-0.946265
0.327548,-2.61173
1.35758,-0.470543
1.37568,-0.195888
0.639775,0.577916
1.09786,-1.57138
1.76197,0.579007
2.25548,-0.273869
1.61737,-1.88791
2.15401,-2.47841
2.67301,-1.3791
2.58343,-0.206085
3.09634,-0.0550359
3.64272,0.0197018
4.2173,0.482128
4.12688,0.126497
4.5139,0.348727
4.75689,0.0516308
4.39117,0.410976
4.6438,0.448685
4.63394,0.227666
4.66572,0.386535
4.70236,0.248919
4.84028,0.280701
4.84047,0.279953
-4.96764,0.351005
-4.67291,0.559449
-4.86981,0.340751
-4.79015,0.38751
-4.80163,0.624434
-4.84081,0.45391
-4.7308,0.467219
-4.62864,0.314265
-4.70749,0.39983
-3.89152,0.775361
-4.56787,0.388377
-4.08112,0.700911
-4.03708,1.02912
-3.35349,0.36292
-2.34688,-0.711492
-1.71313,-0.257568
-3.84735,0.512829
-3.53298,1.941
-2.40345,1.72378
-1.34915,-0.916235
-1.15254,1.60321
-1.36466,-0.116649
-0.682819,0.636072
-0.902602,0.499999
0.434672,1.45049
-0.508675,0.410815
0.176637,0.362825
0.115162,0.911516
0.0258607,0.567322
0.107375,-0.0568288
0.756407,2.41974
0.864835,0.731733
1.3141,1.70543
2.00987,1.65407
2.12488,1.87422
1.92823,-1.43302
1.73311,0.870962
1.89365,-0.616458
1.89877,0.374388
3.56507,0.224796
3.02236,-1.01746
2.78908,0.591891
3.68323,-0.216842
3.03509,-0.310152
4.37973,0.795599
4.43665,0.349626
4.20897,0.591128
4.11167,0.381036
4.50337,0.423685
4.8007,0.433352
4.75065,0.337534
4.61594,0.291018
4.66733,0.111301
4.82381,0.344208
-4.9905,0.426103
-4.98203,0.398283
-4.69845,0.0337801
-4.86275,0.548021
-4.91553,0.335148
-4.7089,0.333618
-4.61505,0.46865
-4.69976,0.242645
-4.47428,0.55363
-4.50998,0.193498
-3.94331,0.689956
-4.02449,0.0601054
-4.35081,0.354263
-3.07324,0.562783
-2.59552,0.152643
-4.0498,1.3573
-2.68629,0.318194
-3.05306,1.10947
-1.43592,0.957025
-1.06614,-0.319094
-2.50524,1.06173
-1.57263,1.47826
-0.79136,0.885321
-0.857192,-0.0312974
-0.260595,0.968442
-0.814549,-0.889934
-0.449303,0.79917
0.287464,0.712764
0.0673631,-0.475956
0.404976,0.468002
0.833642,-2.05719
1.03335,3.08512
0.865923,-0.100085
1.17348,1.17042
1.2328,0.133697
1.63701,2.02211
2.11725,0.0108076
2.14364,1.43412
2.705,-0.999284
2.26125,0.312542
2.54739,0.260207
2.80289,2.18898
3.76479,1.44072
4.13504,0.49062
3.99594,0.270811
4.23503,0.356709
4.21954,0.960967
4.31296,0.403966
4.54698,0.578418
4.44832,0.659794
3.8415,0.252076
4.60416,0.64669
4.57805,0.442619
4.6827,0.320199
4.81078,0.394494
-4.99666,0.464907
-4.81392,0.523567
-4.97939,0.504168
-4.46125,0.13703
-4.52047,0.78531
-4.86251,0.392126
-4.53049,0.737692
-4.38018,0.795348
-4.76829,0.318212
-4.51049,0.284243
-4.17218,0.597142
-2.76942,0.62203
-4.39651,0.621756
-4.31326,0.245758
-1.85229,0.617443
-2.39428,-0.479688
-3.37813,0.101671
-2.04451,0.67961
-2.38176,1.87179
-2.18127,2.11866
-2.7207,2.35804
-2.07689,1.95333
-1.70696,0.363744
-1.94541,1.93018
-0.476182,1.80489
-0.587883,1.03871
-0.164408,1.33892
-0.213915,-0.0625346
0.446833,1.88636
0.204789,1.27655
-0.526458,-0.068883
1.11611,1.98421
1.00725,0.955149
0.438565,-1.87004
1.63177,-0.961905
1.37591,1.88195
1.55226,0.148798
2.3709,-0.563658
2.36501,0.990153
2.32062,1.54079
3.27657,0.491074
3.62393,1.51861
3.22682,1.54042
3.44746,0.537523
4.16107,0.00819603
3.94506,1.20194
4.30536,0.500721
3.90417,0.431666
4.29354,0.758637
4.49088,0.488332
4.58475,0.7143
4.51985,0.693598
4.76526,0.273646
4.7835,0.499723
4.79109,0.47044
-4.96099,0.545971
-4.7613,0.524399
-4.55465,0.525376
-4.64405,0.615713
-4.3354,0.509545
-4.2689,0.644227
-4.76243,0.818379
-4.38446,0.728591
-4.75381,0.141991
-4.12926,0.928671
-3.8469,0.0992104
-2.33201,0.48281
-4.26461,1.13307
-2.86717,1.01305
-3.60035,1.32201
-3.43434,2.04109
-3.34944,0.971338
-2.67542,1.69985
-2.63119,2.2222
-1.78689,2.17262
-2.13561,1.81665
-1.04816,0.194547
-1.24321,2.27045
-0.730955,1.257
-0.266564,1.94327
-0.792544,0.257842
0.191295,2.31095
0.341184,1.09331
-0.0292471,1.14569
0.730593,1.03549
0.94471,1.21635
1.03422,-0.476095
0.872799,3.50708
1.05516,2.81589
1.49205,3.05286
2.10697,2.41089
1.31752,0.801958
2.14106,1.15603
2.82773,1.74882
2.56059,1.66924
2.9605,0.975397
3.92518,-0.0859705
3.8819,0.0547431
3.30151,0.228166
3.36759,1.1896
4.3994,0.94529
4.7019,0.526838
4.42007,0.500739
4.39134,0.545954
4.59412,0.362967
4.71584,0.465283
4.63637,0.510357
4.73441,0.402152
4.7731,0.53982
-4.92002,0.639092
-4.93764,0.599042
-4.70075,0.654869
-4.4837,0.477939
-4.59204,0.844728
-3.95259,0.537415
-4.6283,0.801558
-4.20391,0.303828
-4.34172,0.661966
-4.25386,0.84791
-3.90121,0.260361
-3.93006,0.985009
-1.9835,0.309814
-3.24408,1.22557
-2.32596,-0.116039
-3.56097,0.632787
-2.13798,1.27924
-2.94464,2.42486
-1.98846,1.77568
-1.17533,1.02473
-1.79931,1.50002
-1.12973,1.91186
-0.934011,2.30625
-0.711951,1.61803
-0.793339,1.8936
-0.539955,1.42812
0.057294,1.48984
0.551683,2.6259
0.102171,-1.46609
0.588188,1.24077
1.47555,2.51131
0.825398,2.75925
1.34706,2.15369
1.96387,2.6233
1.59848,1.6692
2.03517,3.35471
2.68095,1.97672
1.67253,2.28551
3.14071,1.70562
3.69324,1.64914
3.64249,1.17036
3.03049,0.712107
3.99667,0.739701
3.99466,1.08425
3.94083,0.588637
4.12115,0.681091
3.9952,0.497523
4.63323,0.793688
4.59809,0.918109
4.68602,0.595289
4.66862,0.668024
4.76344,0.577073
4.75282,0.618034
-4.89935,0.686076
-4.76985,0.270038
-4.91224,0.506292
-4.60139,0.675334
-4.7067,0.91652
-4.27885,0.459887
-4.67466,0.710073
-4.68843,0.80088
-4.61077,0.251288
-4.46042,0.746238
-3.81872,1.10661
-4.26743,1.32083
-4.32163,1.06447
-2.54047,-0.307228
-3.1194,1.43881
-3.05716,0.808336
-2.37108,1.4472
-3.04278,2.25947
-2.01373,1.47759
-2.62477,2.33415
-1.61545,1.19586
-1.83945,1.71694
-0.981751,2.04055
-1.37148,1.22954
0.00880574,2.51375
0.143729,2.93984
0.743353,3.1401
0.198474,2.70446
0.845631,1.42318
0.648909,2.04942
1.17995,1.42858
0.993416,2.55272
0.936022,2.17835
1.73131,2.50888
1.84399,2.7765
2.35046,2.64432
1.8757,0.0960026
2.0567,2.09911
2.88623,2.78789
2.93403,1.53092
2.99336,0.419127
3.52929,1.06184
3.64848,0.848086
3.90816,1.03643
4.41631,1.12792
3.74552,0.490541
4.3055,0.595111
4.65382,0.734079
4.37784,0.628218
4.47509,0.565088
4.53216,0.643823
4.73726,0.67807
4.72338,0.731592
4.73921,0.670527
-4.87656,0.737855
-4.85982,0.24214
-4.75834,0.683296
-4.63434,0.912825
-4.81163,0.724325
-4.75276,0.574279
-4.7889,0.77613
-4.34493,0.888976
-4.60668,0.720122
-4.16863,0.476497
-4.16002,0.842168
-4.42738,1.06207
-3.60507,1.12945
-2.93637,0.445578
-2.86131,2.0027
-2.78551,2.18672
-3.25482,2.0677
-2.63252,1.89664
-2.05978,-0.931661
-2.82459,2.56234
-2.21274,0.930388
-1.55346,2.07129
-1.29746,1.82052
-1.66797,1.89854
-0.612884,2.02856
-0.119385,1.7133
0.532053,2.3077
-0.0646633,2.14154
0.266346,1.65746
0.764257,1.81091
1.27238,2.84423
1.19647,3.8933
2.02165,3.19884
1.70923,3.24681
1.27121,2.50945
2.32303,3.11013
2.62627,2.29907
1.94888,2.99979
2.43096,1.90992
2.5354,1.07028
3.5985,1.82514
2.75694,0.915756
3.29488,1.38986
4.00899,0.850971
4.35041,0.699029
4.18618,0.737298
4.28734,0.655407
4.15246,0.812137
4.2907,1.00761
4.61595,0.852671
4.62286,0.58581
4.56431,0.780539
4.52937,0.910812
-4.8523,0.792998
-4.86925,0.598673
-4.53847,0.641123
-4.71395,0.746605
-4.67528,1.01849
-4.57227,1.09521
-4.32187,0.96434
-4.40388,0.249184
-4.33032,1.21889
-3.81385,1.64406
-4.46755,1.20632
-3.78735,0.95916
-3.68628,0.904785
-2.05614,-0.11731
-3.34015,1.7331
-3.4044,1.40189
-2.91221,2.2051
-2.80173,2.03906
-2.39282,1.21189
-2.07047,2.21093
-2.61316,1.41746
-2.27744,2.15482
-0.965401,1.72998
-1.63047,1.72909
-0.530933,2.40458
-0.231477,2.63042
-0.426206,2.16958
0.721457,3.40363
0.469425,3.55934
0.323106,2.08433
1.43491,1.19873
0.619444,2.9232
1.59093,3.78893
1.88499,3.21989
1.53281,3.29853
1.73139,1.83158
1.79582,1.48281
2.79084,2.85422
3.0225,2.58458
3.73473,1.54903
3.48099,1.44221
3.86458,1.31882
2.68171,1.38168
4.10315,1.26993
4.31076,0.928859
3.74692,0.632797
4.26096,1.0712
4.46567,0.888956
4.4355,1.04202
4.48122,0.762023
4.56844,1.05949
4.69631,0.836025
4.71075,0.780304
-4.81428,0.879406
-4.83181,0.839558
-4.50597,0.857747
-4.74625,0.870663
-4.49768,0.953652
-4.20927,1.08965
-4.43695,0.831037
-4.56137,0.976184
-4.17516,1.19101
-4.22989,0.922304
-3.64822,0.337811
-3.97518,1.41214
-4.05233,0.339371
-4.01643,1.2169
-3.84657,1.99529
-3.03863,1.64545
-3.05535,1.90267
-2.21595,1.99033
-3.43375,2.30393
-1.80288,1.89298
-2.53965,2.42128
-2.38803,2.64758
-1.89062,2.17835
-1.27049,2.38735
-0.653771,2.2982
0.0200139,2.86337
-0.371197,2.52567
0.512715,3.30676
1.13091,2.31634
0.587828,3.46737
0.793033,3.33224
0.946047,3.69841
0.97521,1.66818
1.41041,3.44337
2.05646,3.50014
1.91906,3.39585
2.506,2.76637
2.43033,2.9552
2.94637,2.85447
3.10625,2.48044
3.47875,1.78181
3.34658,1.72189
3.93712,1.53933
3.87355,0.763425
3.45836,0.789658
4.13723,0.910591
4.4742,0.827588
4.22847,0.840047
4.46695,0.968616
4.41427,0.727642
4.58428,0.989452
4.66824,0.94427
4.69395,0.845111
-4.79289,0.928025
-4.56662,0.908531
-4.69939,0.962383
-4.54094,1.15404
-4.60881,0.994095
-4.26444,0.770653
-3.95541,1.12668
-4.38779,1.21613
-4.37523,1.32115
-4.23739,1.01778
-3.8963,1.37204
-3.7489,1.25648
-3.31385,1.56156
-3.04983,2.0996
-3.49724,2.12319
-3.16503,2.47461
-3.23199,2.79118
-2.51167,2.31331
-2.85879,1.72886
-1.13586,1.31669
-1.05363,2.21957
-2.39484,2.19017
-1.5269,1.92071
-1.26296,2.06113
-0.482566,2.67941
0.418188,2.82328
0.36569,2.50599
0.590401,3.59107
0.342152,3.30678
0.750856,3.57092
1.45245,1.49001
1.14703,3.67433
2.26653,3.28782
1.0272,3.43635
2.25813,3.44476
3.26822,2.59326
2.62855,2.61979
2.48848,2.48789
3.68764,1.37574
2.92683,2.01777
3.08321,1.31808
3.56036,1.30676
3.55513,1.64217
3.8064,0.880894
4.18354,1.02851
4.12348,1.18713
4.37775,1.03383
3.98455,0.954772
4.49752,1.04767
4.52585,0.976363
4.54469,0.836109
4.51157,1.26344
4.67978,0.899778
-4.75641,1.01094
-4.77349,0.972112
-4.6717,0.872163
-4.63148,1.12956
-4.58197,1.04556
-4.65207,1.0717
-4.42531,0.935114
-4.5348,1.2271
-4.47137,1.13321
-4.09401,1.26222
-4.39721,1.1611
-2.76354,2.25415
-4.11881,1.73421
-4.12971,1.03695
-3.83308,2.27665
-2.77485,2.47991
-2.8838,2.43561
-2.66113,2.6166
-2.51189,2.59105
-1.50908,2.33771
-1.68588,2.3672
-0.910538,2.51275
-2.36515,2.05633
-1.01611,2.43288
-0.604508,2.57238
-0.226309,2.33966
-0.21759,2.86669
0.108826,3.11672
0.430681,3.63077
0.480683,3.40851
1.4434,3.6409
1.87046,3.63124
1.3023,3.60576
1.40044,3.77619
1.83496,3.52762
2.16441,3.31793
2.84229,3.09695
3.08167,2.84506
2.28115,2.29329
3.27882,1.85646
3.78844,1.93406
3.04815,1.87377
3.97404,1.66025
3.90164,1.61478
4.22264,1.37687
4.04573,1.14755
4.31775,1.16741
3.86028,1.47142
4.39437,0.880075
4.318,0.858297
4.64385,1.03837
4.54907,1.12535
4.65593,0.991746
-4.73632,1.05658
-4.50234,1.09294
-4.59539,1.18304
-4.51424,1.01697
-4.17267,1.36865
-4.24735,1.23104
-4.3254,1.16143
-4.09079,1.36218
-3.58148,1.72369
-4.10573,1.15127
-4.13039,1.61599
-3.73972,1.36826
-3.67221,1.46266
-3.79105,2.11644
-3.64046,1.90096
-3.30934,2.20754
-3.21952,1.8417
-2.04268,2.31506
-2.20134,1.65128
-2.03245,2.09874
-1.69295,2.17762
-0.806083,2.60243
-0.804072,2.17913
-1.38392,1.98586
-0.0129252,3.05482
-0.3564,2.78003
-0.139005,3.26581
0.9953,3.57329
0.236231,3.15017
0.824561,3.03619
1.26049,3.71949
1.6885,3.05889
2.18338,3.1519
2.1929,3.57029
1.94693,3.53071
2.70771,3.08514
2.15165,3.00532
3.10738,2.30755
3.29431,2.23226
2.47891,2.13721
4.07955,1.6493
3.75559,1.06021
4.09213,0.998724
4.417,1.43621
4.39782,1.3509
4.16993,1.29975
4.15994,1.11543
4.46038,1.36951
4.48747,1.12009
4.47004,1.17977
4.53557,1.19642
4.63268,1.08142
-4.69855,1.14244
-4.71669,1.10121
-4.42347,1.27579
-4.5742,1.25547
-4.20706,1.29449
-4.49089,1.43423
-4.46628,1.48662
-4.02336,0.863542
-4.25517,1.59661
-4.03236,1.47054
-3.70331,1.56781
-2.9381,0.19675
-3.91807,1.25742
-3.81571,1.51988
-3.42966,2.17232
-2.48666,2.03043
-3.34013,2.10568
-2.51135,2.51203
-2.69763,2.45221
-1.77112,2.036
-1.66042,2.05581
-1.1548,2.14496
-1.10145,2.64993
-0.430989,3.03321
-0.657994,2.85345
-0.114095,3.16241
0.300681,3.01175
0.164919,3.47664
0.188272,3.39616
1.37625,3.71441
1.54422,2.7878
1.48599,3.55295
1.03689,3.31339
1.98625,3.70729
2.37737,3.24473
2.30871,2.87631
2.97765,2.72369
3.86684,1.78881
3.52087,2.59975
3.44504,2.109
3.59144,2.06169
3.87909,1.70579
3.97787,1.454
4.08099,1.34452
3.85375,1.15762
4.35385,1.41239
4.34193,1.09805
4.41057,1.29442
4.39379,1.18903
4.48678,1.31481
4.60913,1.17227
4.62015,1.12976
-4.6791,1.18664
-4.66118,1.22735
-4.63822,1.27955
-4.33478,1.4197
-4.3667,1.53043
-4.48675,1.28165
-4.46059,1.34521
-4.13564,1.81414
-4.21335,1.40816
-3.95456,1.52202
-3.52934,1.52159
-3.82057,1.78965
-3.52128,1.81291
-3.73384,1.92929
-3.3577,2.26716
-3.26489,2.53181
-2.80428,2.37762
-2.32892,2.28063
-2.20422,2.3557
-2.12564,2.32792
-1.9286,2.37861
-0.737383,2.78795
-1.11525,2.35184
-0.691715,2.68441
-0.663918,2.98715
-0.720198,2.5017
-0.884407,3.1143
0.237392,3.29366
0.301807,3.65872
1.09791,3.93794
1.15404,3.99434
0.985802,3.88372
1.13655,3.57387
1.26269,3.50192
2.51505,3.51738
2.73174,2.43871
2.45287,3.15429
2.95717,2.48523
2.58954,2.89582
2.97693,2.25782
3.42029,2.20695
3.65566,1.73428
3.90335,1.89126
3.79607,1.7013
3.99175,1.31091
4.24493,1.15766
4.2398,1.47371
4.20074,1.5412
3.93743,1.41037
4.44837,1.2391
4.29066,1.24777
4.58719,1.2569
4.59847,1.21338
-4.63721,1.28184
-4.60304,1.3595
-4.39032,1.01315
-4.53859,1.31884
-4.41783,1.59104
-4.20962,1.55551
-4.36488,1.35993
-4.09187,1.63711
-4.01243,1.72888
-4.18158,1.64014
-4.00127,1.63676
-3.74836,1.72365
-3.56628,2.18328
-3.01732,2.47405
-3.15961,2.36285
-3.20994,2.93626
-2.65499,2.0721
-2.20173,2.51632
-2.35017,2.55796
-1.50959,2.21883
-1.45827,1.74317
-1.19914,2.43763
-1.04012,2.55865
-0.477244,2.86161
-0.204434,3.08049
0.075514,3.4631
-0.0996281,2.74258
0.549643,3.67302
-0.0429492,3.58838
0.852494,3.63825
1.62618,3.54849
1.07678,3.85681
1.66184,3.66923
2.63126,3.14271
2.3835,3.38172
2.86633,2.94273
2.78361,3.0161
2.69713,2.96219
3.70952,2.05666
2.83466,2.67962
3.7619,2.14997
3.87347,1.95251
4.01975,1.58642
3.41398,1.59294
3.77983,1.27892
4.08058,1.44459
4.27884,1.41908
4.17554,1.44696
4.06133,1.51064
4.35285,1.25881
4.53027,1.38758
4.57466,1.30522
-4.61303,1.3368
-4.58366,1.40355
-4.34737,1.59072
-4.42128,1.3912
-4.39929,1.64097
-4.23829,1.4892
-4.33513,1.49086
-4.14176,1.42797
-3.91916,1.71426
-4.15659,1.89885
-2.85984,1.26303
-4.08833,1.69319
-3.76314,1.85312
-3.5952,1.64813
-3.14351,2.96949
-3.34875,2.72146
-3.54949,2.30654
-2.24266,2.24909
-2.01163,2.39522
-2.13184,2.7338
-1.75966,2.51606
-1.33456,2.68841
-1.16892,2.59184
-0.811522,2.40275
-0.739816,2.937
-0.829895,3.0662
0.451217,3.1061
-0.128896,3.45326
0.405967,3.47016
0.252832,3.52024
1.74492,3.54827
1.22264,3.34921
1.75985,3.65884
2.0922,3.76856
2.07676,3.58606
2.95487,3.09486
3.06167,2.65586
2.70462,2.76091
2.55283,3.05951
3.0937,2.11182
3.36499,2.00973
3.94875,1.82857
3.55432,1.91936
4.04365,1.71505
3.94063,1.73444
4.31504,1.34434
4.13786,1.51448
4.14862,1.36816
4.17521,1.62029
4.38626,1.49271
4.24026,1.29633
4.55022,1.35197
-4.56697,1.44147
-4.54934,1.48156
-4.50789,1.37232
-4.18032,1.79102
-4.31463,1.65093
-4.09801,1.85464
-4.27978,1.39496
-4.29455,1.5496
-4.0669,1.55223
-3.96781,1.83044
-3.91489,1.57536
-3.7213,2.24718
-3.32362,1.9757
-3.29868,2.34509
-3.25583,2.60665
-3.29153,2.76798
-2.4442,2.58615
-2.36741,2.47574
-1.91617,2.05912
-2.30136,2.37087
-1.8428,2.36054
-1.31224,2.48423
-0.574881,2.78657
-0.23398,3.24009
-0.594558,3.04644
-0.588619,2.91407
0.120689,3.26606
0.287043,3.7471
0.312047,3.43684
0.870447,3.91612
1.73424,3.41168
2.12044,2.79216
1.28738,3.08584
2.38094,3.52495
2.84238,3.22412
2.62806,3.29239
3.14333,2.90567
3.28961,2.71671
3.29571,2.39933
3.68818,2.28655
3.20553,2.5095
3.93748,1.99705
4.00204,1.77416
3.70315,1.88056
3.74939,1.79534
4.10197,1.57643
4.13766,1.68496
4.28961,1.67903
4.32545,1.61336
4.35885,1.54548
4.48516,1.46814
4.50877,1.42598
-4.53235,1.52015
-4.40712,1.45601
-4.43749,1.54368
-4.48231,1.63389
-4.27969,1.67643
-4.2413,1.91581
-4.14572,1.50034
-3.86257,1.8245
-4.22227,1.73812
-3.93514,1.89855
-3.69734,2.05245
-3.56721,2.0732
-3.83749,1.91746
-3.08881,2.38039
-3.76459,2.29471
-3.01341,2.54503
-2.97043,2.34858
-2.27297,2.53073
-2.14916,2.23307
-1.97304,2.2003
-1.60144,2.1809
-1.37552,2.43788
-0.793114,3.00757
-0.723008,3.06604
-0.514009,3.10697
-0.523483,2.97809
-0.369143,3.09734
0.126375,3.56626
0.522587,3.76528
0.684163,3.64153
1.67568,3.7666
1.97974,3.62642
1.90302,3.7061
1.52412,3.85851
2.52659,3.36706
2.40214,3.69734
3.10823,2.76812
3.172,2.73597
3.43058,2.62841
3.38764,2.58557
3.42968,1.89779
3.65302,1.97639
4.16564,1.89384
4.01233,1.8735
4.04264,1.97279
3.82464,1.84969
3.82365,1.59757
4.23035,1.63986
4.25725,1.73049
4.25625,1.58515
4.44818,1.53417
4.46185,1.50977
-4.49768,1.59895
-4.51437,1.56102
-4.37785,1.73279
-4.34893,1.7907
-4.01206,1.77323
-4.27524,1.76648
-4.06669,2.04275
-3.97975,2.04777
-4.2706,1.82285
-3.97801,2.13516
-3.41059,1.85816
-3.16143,2.18044
-3.37188,2.5022
-3.18158,2.66176
-3.56296,2.54521
-2.62956,2.42936
-2.60003,2.5208
-2.19284,2.43817
-1.76518,2.35271
-1.76253,2.26793
-1.66951,2.27506
-0.396946,2.91928
-1.15387,2.71715
-0.821565,2.74174
-0.740096,3.23958
-0.0080282,3.42292
-0.129884,2.98243
0.0534298,3.72212
-0.218616,3.42242
0.94403,3.93913
1.34859,3.27423
0.796037,3.80635
2.30549,3.63528
2.29266,3.55935
2.43571,3.45433
2.7819,3.15996
2.90363,3.04461
2.96311,2.97909
3.19037,2.84516
3.20301,2.36684
3.86,2.12833
3.51584,2.23752
3.7863,2.43511
3.83768,2.01884
4.06176,1.81288
4.11486,1.855
4.15717,1.78177
4.09643,1.74927
4.23151,1.77767
4.40124,1.61799
4.29778,1.5166
4.42407,1.57722
-4.46631,1.67025
-4.44917,1.7092
-4.31931,1.85259
-4.38749,1.84938
-3.99802,1.99247
-4.09461,1.93198
-4.0117,1.93459
-4.21828,1.97885
-4.03295,2.16581
-3.90549,2.14516
-3.84015,2.16313
-3.65454,2.32678
-3.73885,2.16719
-3.49726,2.3787
-3.48841,2.5209
-2.92166,2.52222
-2.79645,2.64172
-1.84741,2.44226
-2.39188,2.39348
-1.65067,2.46525
-1.4466,2.11508
-1.26943,2.73493
-1.3814,2.74045
-1.02359,2.92616
-0.855928,2.9396
-0.409007,3.29344
-0.0386288,3.29671
0.373619,3.69521
-0.185468,3.35012
0.208161,3.60594
0.793268,3.71583
1.04724,3.75426
2.1682,3.4492
1.75492,3.75371
2.37394,3.61965
2.45625,3.56363
2.76475,3.40252
3.30759,2.95221
2.85359,2.53473
3.18785,1.98693
3.4995,2.45635
3.63682,2.19397
3.28681,2.09244
3.49598,2.01505
3.75151,1.99736
3.97892,1.93958
4.07841,2.04738
4.00325,2.04034
4.28619,1.82345
4.19209,1.70741
4.35958,1.69239
4.33591,1.73466
4.38159,1.65309
-4.42968,1.75349
-4.40761,1.80367
-3.67924,1.81903
-4.26551,1.96589
-4.02648,1.8636
-3.8617,2.08299
-4.0182,2.08551
-4.05544,2.14569
-4.1736,2.04572
-3.60524,2.14441
-3.72091,2.35059
-3.62442,1.99268
-3.47875,2.62128
-3.15993,2.57001
-3.32743,2.91756
-2.84298,2.72471
-2.97202,2.61434
-2.93864,2.66397
-2.10972,2.57715
-2.00054,2.47446
-1.85038,2.2745
-1.77964,2.43668
-1.34255,2.33791
-1.41777,2.27582
-0.968618,2.6186
-0.765533,3.12561
-0.800728,2.87714
-0.297593,2.9795
0.0588817,3.35627
0.455381,3.73788
0.0415378,3.53831
0.671961,3.85099
1.08138,4.03252
1.16639,3.80658
1.56799,3.40512
1.77479,3.83945
2.13639,3.65424
2.70932,3.2187
2.46519,3.30923
3.08255,2.97496
3.02787,3.03433
3.30959,2.8501
3.76264,2.2404
3.61581,2.41164
3.70911,2.20905
3.55435,2.15248
3.79559,2.08485
3.9711,2.09249
3.94083,2.13808
3.90243,2.06071
4.07251,1.90981
4.19742,1.83797
4.13683,1.94657
4.30949,1.78184
-4.3687,1.89208
-4.29303,1.88974
-4.35952,1.68419
-4.23861,2.08369
-4.19106,1.86014
-4.13222,2.07908
-4.09997,2.02114
-3.74595,2.01426
-3.70338,2.13655
-3.92268,2.24994
-3.40686,2.39057
-3.5335,2.42543
-3.08859,2.58493
-3.34763,2.9743
-3.11509,2.6797
-2.57179,2.60755
-2.78159,2.72265
-2.43516,2.30594
-2.07714,2.71625
-2.07633,2.48997
-1.71462,2.4427
-1.41187,2.52347
-1.44063,2.38688
-1.35098,2.56995
-1.22018,2.66867
-1.40318,2.81433
-0.890247,3.00612
-0.501002,3.23759
-0.36812,3.45113
0.00678359,3.21126
0.421634,3.81421
0.709683,3.77535
0.094229,3.64664
1.09767,4.07987
0.769504,3.87708
1.43813,3.85464
1.56786,3.68614
2.16326,3.75782
2.58149,3.5625
2.8289,3.34108
3.2201,3.05635
3.57168,2.80584
3.55902,2.35618
3.14581,2.6069
3.599,2.27665
3.68318,2.45541
3.65543,2.34447
3.94513,2.3022
3.99056,2.19769
3.91286,2.19453
4.04924,2.09542
4.02379,2.15045
4.1158,1.99959
4.24246,1.90152
4.26358,1.86382
-4.329,1.98201
-4.34845,1.93812
-4.2967,2.01834
-4.17254,2.15802
-3.99887,2.2556
-4.15114,1.98345
-3.9356,2.0255
-3.9706,2.29052
-3.64176,2.2275
-3.81061,2.34785
-3.50545,2.25221
-3.58948,2.55857
-3.42371,2.48761
-3.45155,2.87193
-3.40512,2.72866
-2.92478,2.77367
-3.17467,2.77712
-2.64042,2.68523
-2.27838,2.45528
-2.46761,2.41074
-2.18345,2.59611
-1.82683,2.65588
-1.69095,2.52666
-1.33859,2.19
-1.58286,2.29413
-1.52392,2.54192
-1.28556,2.62058
-1.01315,2.83185
-0.956468,2.77327
-0.941279,3.16408
-0.938258,3.07212
-0.20388,3.59408
-0.358781,3.35699
-0.306346,3.63268
0.333043,3.57402
1.17072,4.07366
0.90078,3.77758
2.06342,3.69411
1.85081,3.82066
1.92629,3.80326
2.46044,3.83053
2.51491,3.61125
2.55215,3.22507
3.19238,2.97411
3.01223,2.90443
3.25342,2.81407
3.36956,2.31815
3.4776,2.32669
3.80613,2.27427
3.84864,2.47303
3.75285,2.49532
3.6686,2.11414
3.83173,2.19634
4.18205,2.00941
4.12954,2.10317
4.21299,1.95416
-4.26688,2.0519
-4.20729,2.11893
-4.11845,2.13262
-3.88213,2.22826
-3.89599,2.3758
-4.03726,2.23997
-3.69437,2.38907
-3.71689,2.48289
-3.76499,2.41497
-3.60223,2.48769
-3.61501,2.41298
-3.57017,2.3801
-3.65968,2.53816
-3.28028,2.46242
-3.31274,2.57228
-3.01528,2.69772
-2.77135,2.83932
-2.67511,2.53506
-2.45496,2.73085
-2.30736,2.76799
-1.91091,2.5319
-1.83621,2.51923
-2.13891,2.50579
-1.61132,2.38467
-1.54838,2.41709
-1.58896,2.49791
-1.48094,2.46708
-1.24136,2.54136
-1.20322,2.78532
-1.40063,2.63649
-0.57964,3.27567
-0.646094,3.11986
-0.693044,3.17738
-0.357228,3.23031
-0.102619,3.55811
-0.0732139,3.66185
0.594868,3.97782
0.82075,4.15732
1.36194,3.86916
1.61881,3.87196
2.22572,3.66017
2.32587,3.87485
2.70217,3.44929
2.7033,3.56152
3.00724,3.14903
3.14434,3.02415
3.33941,2.76981
3.32519,2.53347
3.66599,2.79053
3.42831,2.39511
3.65017,2.51552
3.88686,2.2625
3.75594,2.33256
3.8175,2.37842
3.57738,2.47163
3.85502,2.31604
4.09985,2.15619
4.15607,2.0558
-4.13435,2.20099
-4.09582,2.24434
-4.0665,2.27732
-3.95573,2.20353
-3.80609,2.47087
-3.86716,2.32713
-3.76727,2.50593
-3.84743,2.41317
-3.71733,2.55297
-3.59545,2.27433
-3.26552,2.39213
-3.60906,2.60549
-3.41834,2.82047
-3.4644,2.75468
-2.77702,2.79079
-2.87841,2.65258
-2.63989,2.76976
-2.7643,2.55982
-2.51437,2.17849
-2.25573,2.60857
-2.2522,2.75595
-2.44208,2.49677
-1.91956,2.45588
-1.94335,2.29452
-1.63231,2.55754
-1.54473,2.70336
-1.59416,2.66387
-1.46272,2.5892
-1.12315,2.50132
-1.08012,2.77017
-1.07909,2.87596
-1.13995,2.83108
-0.88327,2.68312
-0.287837,3.14729
-0.443658,3.17703
-0.246408,3.50011
-0.343477,3.55041
0.118397,3.75124
0.64848,3.71693
0.784233,4.06202
1.03777,4.13992
1.29367,3.79391
1.95453,3.88013
2.02527,3.8601
2.5682,3.6634
2.69067,3.67348
2.83883,3.43282
3.31701,3.04991
3.07632,3.09229
3.24771,2.90589
3.48572,2.67648
3.46373,2.52884
3.31289,2.67048
3.55826,2.54726
3.88196,2.41797
3.9123,2.35529
3.72049,2.39412
3.97285,2.2491
4.04174,2.25996
4.06987,2.20973
-4.02207,2.32731
-3.9718,2.38386
-3.79033,2.2167
-3.93501,2.34064
-3.68609,2.4486
-3.64105,2.64035
-3.4419,2.57677
-3.61197,2.70145
-3.55667,2.64409
-3.42381,2.67136
-3.37022,2.78931
-3.07783,2.7508
-3.01493,2.95089
-3.13477,2.90709
-2.98081,2.84344
-2.7398,2.63857
-2.57662,2.75372
-2.45211,2.6576
-2.51748,2.66859
-2.33755,2.70282
-2.19396,2.74183
-2.09929,2.4187
-1.8732,2.73762
-1.8864,2.66924
-2.1581,2.66628
-1.96208,2.6143
-1.75598,2.58483
-1.65682,2.70658
-1.50304,2.64579
-1.49775,2.74475
-1.45927,2.85987
-1.0225,2.70512
-1.34868,2.84766
-0.958883,2.96009
-1.25307,2.93112
-1.04333,3.08675
-0.630202,3.33792
-0.529029,3.31458
-0.0384569,3.50545
0.0225154,3.61484
0.650786,3.92054
0.88688,4.01218
1.28569,3.88455
1.54713,3.93006
1.49819,3.76833
1.5605,3.99812
2.00211,3.78829
2.24334,3.7405
2.88556,3.39223
2.90244,3.1644
3.26091,3.00091
3.36207,2.89304
3.38792,2.81105
3.62397,2.58956
3.69146,2.73202
3.39167,2.70453
3.38185,2.46202
3.71355,2.56015
3.75583,2.62689
3.68209,2.62612
3.81869,2.52599
4.01453,2.30854
-3.91879,2.4435
-3.87077,2.49751
-3.71904,2.66821
-3.83313,2.53986
-3.6941,2.60882
-3.65135,2.74436
-3.48419,2.82634
-3.52801,2.7832
-3.47055,2.94777
-3.1866,2.72328
-3.03507,2.891
-3.24948,2.86805
-3.00265,2.7678
-2.91316,2.8389
-2.702,2.78553
-2.58471,2.68141
-2.57329,2.82729
-2.51172,2.74176
-2.3993,2.72218
-2.28456,2.68912
-2.21093,2.81556
-2.225,2.67671
-2.01236,2.70067
-1.97882,2.54615
-1.82459,2.58877
-1.76178,2.65724
-1.69631,2.60118
-1.64678,2.63355
-1.44521,2.69707
-1.51309,2.81916
-1.31073,2.7899
-1.25016,2.84391
-1.26102,3.0139
-0.936928,2.88786
-1.06683,2.98653
-0.879936,2.81822
-0.56732,3.17878
-0.631471,3.23175
-0.831109,3.34699
-0.569678,3.38122
-0.310443,3.48314
-0.108565,3.72784
-0.0410651,3.76219
0.606488,3.78798
0.65986,4.00559
1.03124,3.95651
1.46359,3.94031
1.48711,4.00604
2.10315,3.84091
2.18377,3.83164
2.73138,3.32785
2.79919,3.4746
2.92938,3.34144
3.16626,3.20147
3.2181,3.15525
3.43699,2.84963
3.46426,2.99446
3.53805,2.72252
3.44667,2.75578
3.57595,2.65284
3.7815,2.57625
3.83703,2.62551
3.8925,2.52646
3.63605,2.68697
3.93703,2.44695
3.97728,2.37507
-3.79837,2.57896
-3.75576,2.6269
-3.49171,2.70733
-3.55375,2.75181
-3.57917,2.82557
-3.20543,2.86108
-3.38522,2.6161
-3.40091,2.91108
-3.22162,2.97998
-3.03826,2.83011
-3.26431,2.92023
-2.75684,2.88817
-2.84798,2.78021
-2.93458,2.72894
-2.68354,2.92462
-2.69287,2.85105
-2.43506,2.80305
-2.55336,2.89458
-2.37772,2.85405
-2.5081,2.81192
-2.32046,2.62645
-2.10816,2.79185
-2.04487,2.56295
-1.95139,2.68408
-2.03135,2.63403
-1.89445,2.59897
-1.84259,2.73056
-1.70545,2.67521
-1.61036,2.74054
-1.57013,2.59688
-1.56485,2.77914
-1.67976,2.78087
-1.44808,2.78229
-1.3569,2.93618
-1.30248,2.89259
-1.30922,2.97597
-1.18584,2.89218
-1.20749,3.0539
-1.20631,2.96868
-0.78826,3.19783
-0.89092,3.20675
-0.0891424,3.38081
-0.464375,3.35057
-0.411298,3.52919
-0.167237,3.69205
-0.0790066,3.82087
0.166546,3.68044
0.908374,4.15816
0.855061,4.09208
1.21745,3.98112
1.69055,3.85367
2.27689,3.81379
2.26137,3.88427
2.42522,3.76975
2.6766,3.36729
2.56397,3.47048
2.78231,3.27844
2.95753,3.21775
3.31787,3.15227
3.41358,2.9391
3.36434,2.99704
3.62518,2.84577
3.47467,2.89863
3.60156,2.75482
3.4962,2.79401
3.78565,2.71727
3.72462,2.68296
3.86288,2.57934
-3.68653,2.70479
-3.61431,2.78604
-3.2724,2.66606
-3.54379,2.86537
-3.40925,3.01673
-3.28669,2.99352
-3.43904,2.98322
-3.26747,3.05938
-3.18039,3.03928
-3.07356,3.01463
-2.94957,2.98602
-3.08436,2.93143
-2.90247,2.89984
-2.85009,2.83528
-2.83575,2.89891
-2.6321,2.83882
-2.49419,2.88093
-2.70932,2.71548
-2.43068,2.86627
-2.32447,2.84176
-2.36503,2.78652
-2.25904,2.82666
-2.16446,2.80484
-2.1008,2.6435
-2.03718,2.77547
-1.97794,2.76179
-1.92376,2.74929
-1.79245,2.71899
-1.72127,2.74924
-1.64389,2.8082
-1.5984,2.84286
-1.55521,2.87576
-1.40458,2.89775
-1.47469,2.93711
-1.12739,2.93931
-1.00013,3.0227
-1.23526,3.11953
-0.837521,3.15954
-1.09433,3.13971
-1.14998,3.09376
-0.992401,3.21707
-0.686004,3.29024
-0.511962,3.42052
-0.280571,3.31098
-0.375605,3.6088
-0.135991,3.79173
-0.0133381,3.69262
0.348346,3.77068
0.729897,3.94648
0.975121,4.13359
1.00563,4.03593
1.66257,4.10095
1.82727,3.73369
1.71795,3.92568
2.49334,3.72747
2.32323,3.72802
2.61329,3.41131
2.74741,3.50817
3.04103,3.33898
3.12144,3.14477
2.89573,3.27554
3.06771,3.19619
3.36213,3.09741
3.17371,3.09995
3.41224,3.04459
3.51542,2.9492
3.53274,2.85683
3.72306,2.82903
3.67061,2.88426
3.75624,2.76978
3.81229,2.66969
-3.50387,2.91028
-3.37031,2.8739
-3.31327,3.06995
-3.3734,3.05706
-3.22458,3.04948
-3.13155,3.02801
-3.32249,2.83596
-3.00835,2.99958
-3.11223,2.82337
-2.89034,2.97235
-2.96125,2.91115
-2.74727,2.93933
-2.81651,2.95531
-2.6129,2.90832
-1.51492,2.90646
-1.45003,2.9559
-1.40921,2.987
-1.36632,3.01968
-1.15651,3.00356
-1.10548,3.04615
-0.840434,3.2514
-0.994271,3.12809
-1.04432,3.17708
-0.941787,3.25648
-0.888889,3.29922
-0.786925,3.29626
-0.772354,3.39136
-0.418037,3.40788
-0.295407,3.39924
-0.271087,3.57012
0.0236038,3.79072
0.225227,3.70828
0.0887983,3.82299
0.572237,3.86923
0.560305,4.03936
0.754187,4.12308
1.25501,4.05825
1.71023,4.0111
1.625,3.94478
1.79682,3.92217
2.04643,3.93074
2.63762,3.59696
2.74639,3.61441
2.64521,3.50554
2.98387,3.30086
3.08632,3.3775
3.0255,3.24892
3.10727,3.26076
3.21404,3.24645
3.26431,3.20584
3.46089,3.09399
3.26931,3.10521
3.56291,2.99197
3.57423,2.90114
3.50688,3.048
3.61604,2.93884
-1.28277,3.08334
-1.32647,3.05004
-1.19115,3.15314
-1.1447,3.18853
-1.09101,3.22944
-0.989585,3.30672
-1.04137,3.26726
-0.616637,3.43685
-0.712402,3.43991
-0.729087,3.34234
-0.654254,3.48257
-0.462394,3.47698
-0.676573,3.39071
-0.498433,3.53274
-0.588728,3.52295
-0.413016,3.65433
0.150771,3.85164
-0.140415,3.63065
0.387356,3.87858
0.318077,3.84507
0.496314,3.83703
0.934278,4.07538
0.716609,4.02371
1.10581,4.14642
1.30734,3.97422
1.38737,3.95733
1.84241,3.98356
1.87332,3.89717
2.27208,3.94912
2.34657,3.78895
2.62995,3.70207
2.73836,3.753
2.93079,3.44717
2.86908,3.50592
3.03484,3.43871
2.98993,3.3964
3.18892,3.36596
3.12855,3.3286
3.23909,3.31579
3.17498,3.2884
3.31273,3.24215
3.36584,3.18904
3.41217,3.1427
-0.927711,3.35386
-0.810607,3.44308
-0.873,3.39554
-0.750184,3.48912
-0.688036,3.53647
-0.551606,3.4749
-0.458482,3.5959
-0.517216,3.66662
-0.537296,3.576
-0.335164,3.68778
-0.238125,3.66037
-0.17096,3.52474
-0.197751,3.74874
0.243909,3.81073
0.173752,3.77398
0.289694,3.90455
0.255493,3.96696
0.309668,3.99776
0.354519,3.94263
0.807357,3.98648
1.0236,4.27079
1.06415,4.21968
1.29036,4.12802
1.32699,4.03775
1.6408,4.02222
1.49832,4.06894
1.77904,4.01064
1.97229,3.95453
2.1915,3.89962
2.12133,3.90863
2.48208,3.90359
2.46744,3.65506
2.65236,3.75553
2.56964,3.74126
2.76339,3.69021
2.80916,3.55783
2.80219,3.65551
2.85266,3.60619
2.97224,3.49461
2.91961,3.54757
3.08306,3.47182
3.13343,3.42145
-0.635329,3.57662
-0.574457,3.623
-0.467818,3.69858
-0.352564,3.7537
-0.410318,3.72608
-0.290283,3.78349
-0.261227,3.71802
-0.228195,3.81319
0.0348108,3.87369
-0.0164312,3.85144
0.198313,3.94437
0.208285,4.02194
0.214818,3.87735
0.374951,4.03298
0.464314,3.90697
0.419774,3.97318
0.684182,4.10379
0.528734,3.93821
0.895655,4.20518
0.653032,4.16318
0.724254,4.20167
1.14452,4.21564
1.40482,4.02677
1.358,4.10907
1.52086,4.13327
1.57808,4.0601
1.78717,4.07788
1.90254,3.97091
1.86489,4.05736
2.06655,3.99921
2.20214,3.96693
2.1353,3.98093
2.34361,3.93963
2.38564,3.85698
2.52048,3.81048
2.55578,3.88711
2.61892,3.85171
2.58569,3.78776
2.67864,3.80531
2.76544,3.78944
2.83727,3.7176
2.89222,3.66266
2.94618,3.6087
3.02348,3.5314
-0.166488,3.8427
-0.0618895,3.89272
0.0474693,3.94503
0.0943265,3.89945
0.143191,3.92397
0.144274,3.99132
0.268638,4.0508
0.430404,4.05463
0.482016,4.08435
0.490063,4.00634
0.536375,4.10857
0.635908,4.06981
0.61269,4.21535
0.833349,4.26168
0.969323,4.2064
1.04317,4.32762
1.21624,4.13518
1.17223,4.14818
1.2973,4.19685
1.36964,4.18125
1.4279,4.09059
1.44693,4.1587
1.58964,4.12102
1.72267,4.0793
1.65203,4.17541
1.78807,4.1414
1.93044,4.0387
1.94728,4.10159
1.99475,4.01574
2.08411,4.06739
2.15624,4.04935
2.28578,4.01697
2.22273,4.03273
2.34863,4.00126
2.41374,3.921
2.42934,3.98108
2.50655,3.96178
2.57607,3.9444
2.65479,3.90009
2.70869,3.84618
0.340525,4.08518
0.443445,4.13441
0.594434,4.13045
0.534041,4.17773
0.782863,4.22231
0.688447,4.25158
0.900302,4.28954
0.789542,4.29993
0.86542,4.33622
0.970781,4.27183
0.959327,4.34858
1.117,4.30917
1.22355,4.28253
1.23276,4.20805
1.30821,4.26136
1.47189,4.22044
1.38878,4.24122
1.53439,4.20482
1.5932,4.19011
1.71004,4.1609
1.86502,4.12216
2.01338,4.08507
