x,y
0.130317,-4.29145
0.376655,-4.34319
-0.732787,-3.95371
-0.619392,-3.99809
-0.485087,-4.05064
-0.376043,-4.09331
-0.207632,-4.04998
-0.0580156,-4.21775
-0.247691,-4.14353
0.021544,-4.24889
0.266844,-4.13146
0.353042,-4.22664
0.264284,-4.34387
0.452031,-4.22818
0.590666,-4.29381
0.708167,-4.18021
0.732069,-4.26117
0.885828,-4.22569
0.999849,-4.19938
1.07627,-4.07623
1.10796,-4.17443
1.31307,-4.1271
1.21388,-4.14999
1.46384,-4.0923
1.6065,-4.05938
1.77652,-4.02015
1.91793,-3.97754
-1.93037,-3.59506
-1.79864,-3.62922
-1.60553,-3.59182
-1.61246,-3.67748
-1.51699,-3.70223
-1.42241,-3.72676
-1.13053,-3.60043
-1.29538,-3.75969
-1.17645,-3.79052
-1.07052,-3.82156
-0.962644,-3.86377
-0.766796,-3.73102
-0.84891,-3.90827
-0.502588,-3.93285
-0.305578,-4.00752
-0.402037,-3.96937
-0.26132,-3.91671
-0.149534,-4.18194
-0.0171397,-4.12504
0.142075,-4.2032
0.473307,-4.32089
0.237446,-4.23924
0.670582,-3.97594
0.591739,-4.20684
0.818611,-4.06164
1.1885,-4.04906
0.948,-4.12504
1.39038,-4.0064
1.46905,-3.99312
1.67674,-3.93526
1.56771,-3.96618
1.86964,-3.89585
1.79313,-3.80144
2.20184,-3.80978
2.0354,-3.90813
2.12331,-3.85618
2.29003,-3.75766
2.14297,-3.71984
2.44359,-3.66693
2.62602,-3.55913
-2.81972,-3.31781
-2.7342,-3.38666
-2.50875,-3.44511
-2.33403,-3.49041
-2.28433,-3.38234
-2.21588,-3.52104
-2.15987,-3.31206
-2.19434,-3.42242
-2.10599,-3.54953
-2.02178,-3.57136
-1.80569,-3.54186
-1.48601,-3.61436
-1.32039,-3.41337
-1.37764,-3.63371
-1.34773,-3.53088
-1.15828,-3.70199
-0.932786,-3.7688
-0.817188,-3.82473
-0.578573,-3.79083
-0.703283,-3.86784
-0.594169,-3.89446
-0.176662,-3.6973
-0.116309,-3.85593
-0.153908,-3.95725
0.16935,-4.08054
0.0539084,-4.1425
0.593872,-4.09883
0.493642,-4.11987
0.808171,-3.96065
0.82415,-4.15229
1.29228,-4.02204
1.42069,-3.88608
1.40697,-3.78691
1.77071,-3.91341
1.67043,-3.83023
1.90483,-3.76114
1.95993,-3.8394
2.09087,-3.623
2.05079,-3.78046
2.53069,-3.61546
2.70049,-3.41275
2.61445,-3.48174
2.74653,-3.48792
2.63124,-3.32017
2.9195,-3.38571
3.00001,-3.33813
3.08609,-3.28727
-3.21222,-2.97437
-3.0715,-3.0975
-2.99946,-3.16053
-2.90969,-3.23908
-2.67261,-3.28356
-2.76433,-3.24221
-2.61783,-3.41683
-2.58557,-3.31796
-2.42146,-3.46774
-2.12629,-3.20147
-1.87322,-3.39747
-1.88768,-3.50807
-1.55843,-3.48307
-1.52524,-3.38193
-1.69817,-3.56659
-1.11891,-3.49029
-1.01425,-3.49418
-1.27365,-3.66802
-0.779312,-3.60276
-0.55277,-3.69388
-0.847486,-3.6949
-0.362007,-3.86453
-0.282278,-3.6677
0.107312,-3.94873
-0.103306,-4.08982
-0.045661,-3.99883
0.532914,-4.01392
0.658747,-3.6958
0.951047,-4.04294
1.19152,-3.94329
1.38196,-3.67182
1.54498,-3.86668
2.00187,-3.69475
1.85182,-3.66656
2.1034,-3.47127
2.24828,-3.66939
2.03107,-3.39588
2.41288,-3.56255
2.48443,-3.49829
2.83442,-3.43598
2.94816,-3.24413
2.86904,-3.28563
3.05532,-3.2054
3.22604,-3.20457
3.29285,-3.12989
3.36198,-3.04923
-3.4811,-2.7391
-3.39372,-2.81556
-3.29306,-2.90364
-3.13905,-3.03839
-2.98463,-3.03135
-2.73335,-2.97242
-2.89361,-2.97132
-2.82594,-3.04273
-2.34403,-3.1411
-2.39136,-3.36709
-2.25895,-3.28147
-2.0952,-3.09378
-2.20434,-3.05212
-1.9924,-3.47365
-2.08589,-3.43991
-1.44651,-3.50689
-1.76815,-3.42763
-1.41872,-3.4013
-1.03748,-3.61574
-0.664359,-3.65129
-0.404797,-3.61545
-0.472683,-3.82433
-0.3222,-3.7658
0.211497,-3.96225
0.301434,-3.87194
0.690985,-4.07491
0.757802,-3.87134
1.05407,-3.98151
1.49032,-3.64848
1.5247,-3.77153
1.64118,-3.73052
1.83553,-3.54381
1.94043,-3.62226
2.33344,-3.60766
2.26083,-3.51336
2.44,-3.39408
2.79578,-3.17543
2.56921,-3.40682
2.90554,-3.15449
3.14117,-3.15751
3.34298,-2.91309
3.01431,-3.10847
3.42724,-2.9731
3.49283,-2.89658
3.57984,-2.79506
-3.68984,-2.55645
-3.62067,-2.61698
-3.27334,-2.64454
-3.15523,-2.59783
-3.13714,-2.89196
-2.97231,-2.89585
-3.05817,-2.96881
-2.73507,-2.65333
-2.92144,-3.09638
-2.82003,-2.89387
-2.84207,-3.16804
-2.37205,-3.25756
-2.49156,-3.33636
-2.22933,-3.16857
-1.97062,-3.37124
-2.04871,-3.32794
-1.83987,-3.30398
-1.2246,-3.47016
-1.11858,-3.3742
-1.22072,-3.33962
-0.697427,-3.37351
-0.522754,-3.58013
-0.43479,-3.72336
-0.129328,-3.57328
0.301505,-4.01566
0.932901,-3.9475
1.1573,-3.83574
1.29403,-3.92712
1.60147,-3.61896
1.75209,-3.69834
1.98833,-3.30355
2.18074,-3.5642
2.19536,-3.4054
2.78668,-3.33571
2.50531,-3.18346
3.2104,-3.08034
3.04971,-2.93675
2.96381,-3.01112
3.42692,-2.81789
3.51529,-2.74457
3.5712,-2.63809
3.65166,-2.71128
3.72751,-2.62279
-3.81054,-2.36143
-3.73852,-2.49518
-3.33634,-2.57217
-3.52073,-2.56577
-3.05473,-2.82761
-3.44625,-2.62113
-2.89842,-2.81636
-2.99791,-2.73923
-3.23646,-2.82213
-2.4317,-3.00556
-2.47283,-3.22436
-2.57234,-3.20478
-1.96767,-2.80918
-1.83689,-3.08281
-1.63884,-3.36783
-1.67201,-3.46048
-1.19483,-3.19992
-1.24645,-3.56934
-0.886698,-3.5444
-0.622669,-3.53343
-0.378525,-3.32291
0.069365,-4.03722
0.629732,-3.80121
0.39558,-4.12236
1.3311,-3.55353
1.4697,-3.51273
1.7359,-3.59386
2.02308,-3.5452
2.64824,-3.1963
2.73234,-3.25806
2.41352,-3.267
2.73842,-3.09078
3.1128,-3.03359
3.2718,-2.99111
3.43854,-2.68279
3.48142,-2.57405
3.71386,-2.46705
3.64944,-2.55744
3.57431,-2.49237
3.79773,-2.54086
3.87195,-2.45426
3.95074,-2.36235
-3.88942,-2.21495
-3.70558,-2.32954
-3.8488,-2.29038
-3.59475,-2.49777
-3.39828,-2.20364
-3.55467,-2.67473
-3.54287,-2.38096
-2.80717,-2.19361
-3.19937,-2.70535
-2.83062,-2.73751
-2.74773,-3.10954
-2.67374,-3.16743
-2.64589,-3.04661
-2.11901,-2.81491
-2.01095,-3.24104
-1.46158,-3.27679
-1.36831,-3.17576
-0.726667,-3.48553
-0.935404,-3.64093
-0.217459,-3.81659
-0.37158,-3.48526
0.114464,-3.67707
0.876876,-3.84985
1.04439,-3.73362
1.75294,-3.44927
1.89169,-3.39169
2.04636,-3.09636
2.59422,-2.8254
2.85859,-3.08124
3.1992,-2.79136
3.11836,-2.86477
3.19807,-2.94598
3.34664,-2.60664
3.34441,-2.7613
3.41937,-2.36257
3.18532,-2.62656
3.84819,-2.14632
3.79269,-2.38517
3.73492,-2.079
4.0237,-2.27723
4.09238,-2.1971
-3.97749,-2.05138
-3.93348,-2.13312
-3.65073,-2.42138
-3.77474,-2.42792
-3.6577,-2.19312
-3.3837,-2.38725
-3.07808,-2.495
-3.23367,-2.52039
-2.81673,-2.57798
-2.80163,-2.40673
-3.1356,-2.76328
-2.63527,-2.71742
-2.45664,-3.11819
-2.04886,-2.98453
-1.61686,-3.12029
-1.74963,-3.30461
-1.69766,-3.21226
-1.0351,-3.7297
-0.0670005,-3.74428
0.0430756,-3.79449
0.186261,-3.83676
1.17023,-3.71869
1.01519,-3.59615
1.70885,-3.30955
2.34674,-3.4414
2.35115,-3.16418
2.66345,-2.99696
2.61354,-3.12275
3.00422,-2.83662
3.28287,-2.8521
3.24044,-2.5053
3.63238,-2.39479
3.69925,-2.31545
3.40795,-2.50174
3.77004,-2.23277
3.86669,-2.30241
3.93535,-2.21392
4.15586,-2.12304
4.21226,-2.05724
-4.09306,-1.83676
-4.02112,-1.97036
-3.94807,-1.89263
-3.80269,-2.14758
-3.45096,-2.31305
-3.51062,-2.23031
-3.24856,-2.34311
-3.32987,-2.27821
-3.3773,-2.68643
-3.30228,-2.75497
-2.68417,-2.51901
-3.01142,-2.57208
-2.35977,-2.61847
-2.72697,-2.8205
-1.90163,-3.18921
-1.55958,-2.98187
-1.32806,-3.28814
-0.479027,-3.45399
-0.857619,-3.44379
-0.256301,-3.52412
0.501067,-3.71562
0.946061,-3.7971
1.07826,-3.88828
1.59353,-3.4921
2.313,-3.3388
2.52822,-3.31205
2.74334,-2.87881
2.94348,-2.74919
3.022,-2.63964
3.25806,-2.68773
3.31505,-2.44465
3.50093,-2.42922
3.80868,-2.01246
3.47003,-2.00227
3.68026,-2.15739
3.99239,-1.98475
4.25633,-2.00583
4.3022,-1.95232
4.35075,-1.86995
-4.16146,-1.70973
-3.85564,-2.06131
-4.12752,-1.77276
-4.05878,-1.90043
-3.74785,-2.23609
-3.48872,-2.45875
-3.70887,-2.09391
-3.45136,-1.85087
-3.15735,-2.42435
-3.40504,-2.51537
-3.30653,-2.44763
-2.91054,-2.49633
-2.64951,-2.90025
-1.918,-2.97261
-1.57661,-3.25245
-1.04721,-3.11765
-0.999043,-2.97727
-1.08251,-3.25551
-0.0635471,-3.4495
0.0694646,-3.51092
0.555316,-3.91623
1.14194,-3.56721
1.2995,-3.84839
1.43898,-3.37218
2.64457,-2.70041
2.84103,-2.81058
3.0994,-2.72777
2.98401,-2.36102
3.58661,-2.06649
2.58199,-2.44402
3.54028,-2.32289
3.90908,-2.05903
3.96628,-1.824
4.12837,-1.97696
4.00288,-2.13542
4.24083,-1.82885
4.38786,-1.78224
4.42837,-1.68649
-4.24288,-1.55851
-4.20252,-1.63348
-3.98526,-1.80746
-3.72194,-1.84162
-3.09251,-1.88752
-3.90936,-1.9743
-3.75835,-2.00319
-3.45537,-2.1014
-3.33711,-2.0733
-3.39014,-1.96394
-2.09492,-1.69664
-2.69253,-2.30159
-2.91321,-2.65342
-2.56736,-3.09421
-2.32486,-3.01595
-2.15685,-2.93647
-1.30251,-3.04923
-0.90324,-3.16458
-0.0470205,-3.29951
0.00201123,-3.89923
0.328535,-3.71468
0.40578,-4.00993
1.22076,-3.57093
2.25383,-3.24715
2.14602,-3.30655
2.79578,-2.9888
2.91156,-2.91115
3.10126,-2.53984
3.74042,-1.88193
3.20692,-2.16414
3.54363,-2.14151
3.49191,-1.85449
3.77889,-1.81735
3.89055,-1.75331
4.19093,-1.90011
4.2818,-1.75464
4.32843,-1.65473
4.47552,-1.57505
-4.32307,-1.4096
-4.2677,-1.51242
-4.0396,-1.70519
-3.8169,-1.90794
-3.64149,-1.79585
-3.66665,-1.94679
-3.61234,-2.04375
-3.60974,-2.29135
-3.55686,-2.14587
-2.89176,-2.30194
-3.50328,-2.0084
-2.98724,-2.3996
-2.55396,-2.82045
-3.08014,-2.66677
-1.97362,-3.12308
-1.29486,-2.89904
-0.977888,-3.38767
-0.673308,-3.76332
-0.256285,-3.38984
0.408959,-3.92586
0.912054,-3.66541
0.792019,-3.74471
1.54187,-2.98408
1.93371,-3.48607
2.10159,-2.87912
2.61676,-2.9198
2.86099,-2.60966
3.10912,-2.38846
3.35008,-2.26273
4.07587,-2.05632
3.8871,-1.90431
4.05028,-1.90591
4.0691,-1.65639
4.12375,-1.82218
4.17305,-1.72046
4.22515,-1.61452
4.3228,-1.54922
4.52213,-1.46488
-4.36567,-1.33049
-4.30531,-1.44257
-4.13784,-1.5222
-4.04663,-1.48509
-3.99204,-1.58034
-4.09315,-1.61074
-3.83917,-1.62103
-3.4606,-1.56738
-3.58313,-1.62218
-3.26503,-2.16125
-2.90572,-2.06447
-2.58525,-2.41715
-3.1814,-2.24733
-2.45139,-2.87325
-2.42238,-2.75276
-1.70302,-2.95666
-0.431348,-3.00632
-0.570388,-3.39989
-1.42838,-2.77951
-0.630802,-3.24114
-0.17307,-3.24737
1.27303,-3.73323
1.5818,-3.20923
2.25688,-3.01307
2.46921,-2.78011
2.48456,-3.08853
2.84598,-2.19056
2.8192,-2.41963
3.69691,-1.27511
3.68003,-1.97771
3.17744,-2.31312
4.04704,-1.74844
4.01943,-1.49044
4.12586,-1.57969
4.39984,-1.5427
4.26488,-1.47247
4.31479,-1.40721
4.40836,-1.44409
4.59987,-1.28112
-4.42973,-1.21151
-4.08616,-1.3805
-4.39906,-1.26847
-4.23033,-1.34587
-3.95797,-1.43514
-3.94342,-1.66534
-3.89384,-1.74214
-3.68571,-1.67477
-3.25681,-1.93011
-3.77949,-1.72628
-3.19247,-2.03309
-2.76445,-1.93245
-0.629747,-2.39378
-2.67062,-2.08952
-1.667,-2.80765
-2.47431,-2.5155
-1.79447,-2.6779
-0.818343,-3.33319
-0.940179,-3.2782
0.178149,-3.52821
1.01043,-3.48829
1.8431,-3.27144
1.71577,-3.12274
2.21811,-3.14257
2.27648,-2.90367
2.95127,-1.91198
3.26758,-2.33053
3.46166,-2.21083
3.6009,-1.76818
3.94947,-1.64099
3.74724,-1.70384
3.99901,-1.20255
3.89223,-1.46176
4.21074,-1.34175
4.24984,-1.23234
4.45627,-1.34337
4.56159,-1.37162
4.64044,-1.18523
-4.50072,-1.07967
-4.46064,-1.1541
-4.35988,-1.06772
-4.32895,-1.19073
-4.02718,-1.24393
-3.98211,-1.34009
-4.18424,-1.43451
-3.79945,-1.36403
-3.64483,-1.5075
-3.35943,-1.48496
-3.53543,-1.74305
-3.23434,-1.66875
-3.08413,-2.31194
-2.53938,-2.65642
-0.958365,-2.52921
-1.45592,-3.00616
-1.06708,-2.75025
-1.63991,-2.59999
-0.301328,-3.18056
-0.00508454,-3.63866
0.777876,-3.65613
1.11808,-3.44865
0.844487,-2.98494
1.91482,-3.17815
2.42084,-2.5798
2.40809,-3.01438
2.95065,-2.48904
3.38805,-2.09863
3.0455,-2.23718
3.83753,-1.28673
4.1551,-1.47211
3.535,-1.45714
3.76509,-1.38528
4.06812,-1.40201
4.34241,-1.30842
4.48743,-1.26346
4.42492,-1.12233
4.57242,-1.06755
4.67991,-1.09194
-4.57487,-0.939527
-4.50583,-1.07018
-4.37392,-0.823378
-4.44783,-0.920166
-3.38729,-1.13241
-4.12987,-1.29485
-3.65833,-1.36109
-3.85673,-1.81919
-3.55527,-1.13933
-3.75672,-1.1432
-3.75619,-1.5766
-3.30173,-1.82287
-3.41135,-1.6839
-2.36925,-2.39291
-2.53864,-2.98496
-2.32129,-2.89423
-1.58373,-2.86124
-0.671252,-3.0652
-0.51046,-3.27151
0.189658,-3.15373
0.328699,-3.5756
0.87111,-3.40317
1.57401,-3.36684
2.07589,-3.20684
2.00258,-2.97875
2.74108,-2.53594
3.11478,-1.85245
3.11381,-2.03495
1.86031,-1.37172
3.77143,-1.09805
3.79023,-1.02423
3.90777,-1.16948
4.10502,-1.30046
4.37165,-1.2253
4.27212,-1.14285
4.32999,-1.06997
4.70354,-1.0361
4.75091,-0.924115
4.73019,-0.973097
-4.59712,-0.866417
-4.61696,-0.80125
-4.54547,-0.996571
-4.41471,-0.990101
-4.19284,-1.18774
-4.08565,-1.11681
-4.27107,-1.25229
-3.89539,-1.2881
-3.39779,-0.999778
-3.88613,-1.52149
-2.89642,-1.60572
-3.55521,-1.89875
-3.5619,-1.44383
-2.20329,-2.63694
-2.52325,-2.22668
-2.26477,-2.77375
-1.73368,-3.0602
-0.767427,-3.21769
-0.84852,-3.01121
0.0866497,-2.89069
0.216784,-3.70554
0.475288,-3.59921
0.744835,-3.54421
1.83772,-3.03925
1.88908,-2.80256
2.27312,-2.81137
2.77645,-2.70481
3.40603,-1.69863
2.51444,-2.17511
3.12518,-1.38697
3.40469,-1.37499
3.25599,-1.55935
4.0352,-1.04771
3.94947,-1.35917
4.13463,-1.15741
4.20087,-1.07161
4.60942,-0.958842
4.55482,-0.821321
4.78032,-0.854599
-4.63629,-0.73772
-4.65498,-0.676333
-4.2109,-1.07329
-4.27418,-1.1063
-4.0853,-0.867711
-3.93715,-1.16717
-4.14379,-0.785127
-4.0034,-0.975813
-3.45135,-0.882497
-3.43406,-1.36677
-3.78909,-1.44718
-3.00451,-2.00574
-2.28351,-2.21686
-2.04428,-2.67746
-2.49073,-1.88141
-1.8846,-2.66651
-1.82175,-2.86262
-1.16147,-3.03082
-0.0116849,-3.09608
1.46997,-0.639804
0.571424,-3.46344
0.41769,-3.84406
1.70758,-2.91194
1.77425,-2.69352
1.94486,-1.98057
2.96778,-2.13489
3.61027,-2.24505
3.1908,-1.72604
3.74846,-1.54353
2.87669,-0.997419
3.46857,-0.876102
4.4339,-0.772815
3.84439,-0.641056
4.36596,-0.96417
4.49242,-0.680743
4.33705,-0.489266
4.52944,-1.16947
4.80874,-0.787426
4.83338,-0.729183
-4.67588,-0.607633
-4.51512,-0.764039
-4.33552,-0.916232
-4.35504,-0.597119
-4.39086,-0.726152
-4.25355,-0.799827
-4.47832,-0.511832
-4.19628,-0.930369
-3.839,-0.931716
-3.96939,-1.04798
-3.70992,-1.2348
-2.01937,-2.34982
-3.0762,-1.66813
-2.4323,-2.05201
-1.40733,-2.44836
-0.910726,-2.79804
-0.836293,-2.28133
-1.21548,-2.53479
-2.15833,-2.06625
-0.490376,-3.14338
0.658207,-3.22791
0.714849,-3.04344
1.29749,-3.27214
1.1208,-3.12819
1.29757,-2.89384
2.59861,-2.63397
3.05771,-1.62157
3.24107,-1.99187
3.3736,-1.06439
3.86437,-1.58711
4.50619,-0.309891
3.37581,-0.410366
4.46527,-1.01833
4.50293,-0.91549
4.06354,-0.93019
4.39508,-0.864472
4.65247,-0.860164
4.73509,-0.663484
4.86089,-0.664162
4.88933,-0.596941
-4.69741,-0.536917
-4.71496,-0.479256
-4.55033,-0.65383
-4.555,-0.227654
-4.47959,-0.837391
-4.39014,-0.407335
-4.27948,-0.696624
-4.28982,-0.979024
-3.27859,-0.0170908
-4.12275,-0.994835
-3.13241,-1.3398
-3.31532,-1.29176
-2.68033,-1.57733
-2.93608,-1.8213
-2.11682,-2.47267
-1.47823,-2.59589
-1.90672,-2.53591
0.604266,-3.0142
-0.238394,-3.01512
0.0980758,-3.32442
0.220475,-0.510732
0.94431,-3.17661
1.44684,-3.22183
2.29156,-2.68898
1.16806,-3.03336
3.31691,-1.87861
2.67547,-2.35635
2.69467,-2.13246
3.51804,-1.2432
4.13535,-0.933157
4.25547,-0.96833
3.74448,-0.751915
3.95679,-0.804747
4.26019,-0.827964
4.64615,-0.61152
4.81454,-0.489411
4.70096,-0.753827
4.77304,-0.572525
4.92025,-0.523866
-4.7377,-0.404536
-4.58541,-0.547645
-4.37081,-0.497116
-4.46382,-0.10486
-4.29192,-0.335509
-4.44304,-0.623509
-3.22113,-0.926213
-3.4207,-0.534173
-3.85991,-0.690033
-3.64566,-0.775459
-2.67939,-1.7592
-2.67715,-1.33785
-4.01806,-0.428965
-1.09506,-2.20604
-3.1102,-2.12922
-0.315744,-2.832
0.526517,-2.05186
-1.48471,-3.15719
0.270275,-2.97533
0.73774,-2.70036
0.623098,-3.5651
1.31058,-3.39568
1.47822,-2.54073
1.85939,-0.732801
2.04429,-2.29627
1.81092,-2.34009
2.66458,-1.95974
2.91284,-1.40418
3.56741,-1.87947
3.85725,-0.320685
4.0003,0.023371
4.24014,-0.0438097
4.33875,-0.627676
4.34143,-0.38223
4.73344,-0.386286
4.59396,-0.71643
4.98411,-0.274067
4.85779,-0.392597
4.95771,-0.435335
-4.76535,-0.313675
-4.62165,-0.424455
-4.51232,-0.4161
-4.24086,-0.410149
-4.13384,-0.354599
-3.92865,-0.571567
-3.53455,-0.682712
-3.75858,-0.845026
-3.11545,-0.62558
-4.19304,-0.663057
-3.69133,-1.04629
-3.85246,-1.089
-2.23325,-2.49587
-1.8629,-2.10228
-2.9973,-2.19831
-0.534727,-1.57694
-0.584285,-2.89883
-0.7984,-2.61144
1.32679,-2.72566
0.44084,-2.77728
0.428718,-3.43189
0.263052,-3.41157
0.800386,-1.13886
2.38495,-2.39052
2.8928,-1.70203
2.53006,-0.909161
2.67954,-0.0478552
3.59623,-0.719801
3.15341,-1.01058
4.26709,-0.225235
4.6833,-0.271572
3.92408,-0.954479
4.80827,-0.150454
4.39526,-0.292614
4.53199,-0.582874
4.68849,-0.505418
4.86535,-0.307668
4.78654,0.0493624
4.99667,-0.343236
-4.79158,-0.2275
-4.73297,0.0473155
-4.48563,0.156322
-4.01495,-0.702598
-3.79774,-0.166767
-4.33858,-0.262028
-4.23965,-0.527629
-4.08491,-0.634068
-3.85756,-0.454209
-3.73858,-0.669406
-2.75888,-0.952092
-1.87904,-0.513455
-3.67878,-0.39828
-2.10164,-0.722438
-3.51748,-1.25304
-1.65206,-2.38436
-0.480855,-1.12699
-0.635027,-2.04033
-1.14624,-2.87977
-0.0889706,-2.8759
0.747875,-1.63413
0.290556,-3.26459
1.06369,-2.83563
1.06099,-2.27436
1.45628,-3.07841
2.17743,-1.8467
2.34013,-1.95011
3.63126,-1.57701
2.09116,-1.43033
4.21233,-0.362029
3.99043,-0.699843
4.31709,-0.730729
4.04589,-0.622457
4.43261,-0.539508
4.28295,-0.165056
4.61326,-0.365783
4.87206,-0.215956
4.58118,-0.481997
4.94991,-0.142178
4.9672,-0.208842
-4.83329,-0.0904301
-4.81249,-0.158775
-4.1876,0.238269
-4.70799,-0.175861
-4.65812,-0.314323
-4.12515,-0.511864
-4.03419,-0.297462
-4.39364,-0.0324511
-2.50937,-0.546842
-3.46749,0.378164
-3.18214,-1.54189
-2.8895,-0.377939
-3.04352,-1.02049
-2.29207,0.542431
-1.92831,-1.09662
-1.99776,-0.221316
-0.816108,0.212376
-0.125229,-2.00258
-0.340777,-2.2716
-1.0689,-0.853286
0.108111,-2.27265
0.746524,-3.38478
0.566863,-0.333154
1.12509,-2.43424
2.0614,-2.72479
3.50296,-1.62293
2.23124,0.377853
2.47299,-1.71028
3.67035,-0.380901
4.07742,-0.474638
2.99868,-0.672982
4.178,-0.678228
4.14404,-0.0382856
3.93205,-0.481015
4.09655,-0.249911
4.56249,-0.11152
4.58864,-0.194714
4.71072,-0.188361
4.93161,-0.0715692
-4.85676,-0.0133228
-4.57681,-0.00818911
-4.55726,-0.302274
-4.4405,-0.190349
-4.48771,-0.010807
-3.99163,-0.157687
-4.63636,0.0793549
-3.21579,-0.514507
-4.10996,-0.187174
-3.61175,-0.96833
-3.98864,-0.832276
-3.39432,0.593456
-2.28795,-1.21213
-2.41977,-1.69632
-2.89197,-1.3911
-1.32789,-1.65924
-0.723577,-2.86048
-1.09545,-1.8671
-1.76579,0.0940659
0.161656,-2.69341
-0.442235,-2.58486
2.17456,-2.50923
2.15548,-0.972988
1.96498,-2.59309
1.59016,-1.73044
1.54313,-2.73382
3.58148,-0.513573
2.64248,-1.38217
2.98843,0.589453
3.6632,0.105084
4.49065,-0.416726
4.20973,-0.550118
4.67582,0.00475197
4.4164,-0.03269
4.69211,-0.0961797
4.48836,-0.0262014
4.7672,0.150733
4.91316,-0.000404
4.89686,0.0624707
-4.87994,0.0628244
-4.84769,0.31781
-4.85965,0.536854
-4.65011,0.558742
-3.98539,0.297728
-4.43853,-0.31552
-2.45659,-0.102246
-3.42965,-0.337831
-4.74406,-0.0459125
-4.18915,0.106712
-4.12533,-0.019327
-1.50338,-1.90141
-3.66591,-0.50754
-1.55404,0.94221
-0.816014,-0.334533
0.238451,-1.18618
-2.23257,0.156094
-1.00667,0.531979
-0.689764,-0.864694
-0.214676,-1.2384
-0.0865998,-2.5858
2.3155,-0.759183
1.63987,0.704635
0.350256,-0.0867544
1.61461,0.254338
3.62506,-1.07732
1.52862,-2.12312
3.72909,0.708554
3.11343,-0.368729
3.10954,0.286774
4.61516,0.316595
3.94516,0.366133
4.14086,-0.792338
4.62106,0.216554
4.55656,0.0206861
4.7767,-0.288881
4.80646,-0.0461846
4.87453,0.148578
-4.92479,0.210183
-4.90558,0.147065
-4.26795,-0.0605488
-4.76308,0.100983
-4.58662,0.223649
-4.09528,0.696791
-4.89659,0.423765
-4.32893,0.417318
-3.86171,0.0626997
-4.63171,0.301041
-3.61966,-0.131802
-0.0576553,-0.830811
-4.0118,0.175933
-1.52252,-0.852873
-1.53363,-0.192328
-1.27921,-2.68767
-0.938235,1.43372
-0.617689,-2.66212
-0.10241,-1.62996
0.862929,-1.95834
-1.82335,-1.99985
0.433652,-3.25988
1.593,-1.04762
0.198827,-1.69936
0.576392,-2.41553
1.195,1.51182
1.57548,1.29261
3.28135,-1.28995
3.08634,1.09983
3.32845,-0.734023
2.76763,-0.362957
4.53919,0.124009
3.9647,-0.159867
4.326,0.298159
4.1937,0.120371
4.7124,0.323477
4.43715,0.347677
4.64968,0.134384
4.84991,0.24357
-4.96306,0.335957
-4.9444,0.274638
-4.63626,-0.053552
-4.77425,0.706462
-4.74112,0.283954
-4.52126,0.81082
-4.7794,0.490299
-4.30176,0.0676664
-3.22122,0.233398
-2.4177,-0.934505
-3.06579,-1.24352
-3.95005,0.658099
-1.40993,0.494701
-1.60934,-1.33457
-3.15555,1.34484
0.0975483,0.0689293
-0.913521,-1.62155
-0.534628,0.246802
-0.217771,-0.143391
0.991232,2.41156
1.10926,0.405584
1.12772,-1.55667
1.12027,-3.30183
1.15209,2.64539
1.81791,3.28138
2.62442,0.344103
3.13593,-0.0376609
3.71505,0.378037
4.12457,0.347784
3.88697,-0.0412526
3.70126,-0.137176
3.80486,0.17003
4.31448,0.171712
4.45466,-0.172412
4.24324,0.410067
4.34899,0.054627
4.52169,0.510511
4.743,0.249883
4.82589,0.3362
-4.98446,0.406249
-4.99932,0.455094
-4.42745,0.437415
-4.80449,0.399572
-4.61463,-0.15332
-4.55744,0.449046
-4.29472,0.819847
-3.86587,0.462953
-4.67108,0.368058
-4.46888,0.331788
-3.78689,-0.279599
-2.93489,-0.764883
-4.25956,0.664139
-2.57666,1.55464
-1.37574,-0.4647
-1.79545,1.99136
-1.38392,-2.24691
-2.28838,2.1473
-0.411345,-0.641371
0.272766,0.276687
1.32732,-0.106574
0.462398,-0.847019
2.25142,-2.19325
-1.35644,0.133943
1.26174,-0.832419
2.36455,2.314
4.11757,0.422981
3.48735,0.739539
3.60725,0.31292
3.64387,1.48355
3.19921,0.91214
4.0912,0.59677
4.17251,0.235881
4.04129,0.707545
4.44951,0.43332
4.50831,0.689827
4.43031,0.19895
4.48982,0.234194
4.69685,0.408328
4.79925,0.438936
-4.97365,0.517193
-4.69272,0.196196
-4.7713,0.179588
-4.59579,0.53692
-4.28897,0.519913
-4.47618,0.915613
-3.96796,-0.0494769
-4.49926,0.561684
-4.21683,0.929111
-4.32714,0.199758
-3.19367,0.917913
-1.81678,0.451578
-1.06288,1.33153
-2.47365,1.26189
-1.23894,0.900938
-3.00092,1.25351
-1.53829,1.23623
-0.0368333,2.13038
-0.000709581,1.06757
1.58637,0.953614
1.05274,-0.403554
2.6164,1.42202
0.881248,0.638599
1.40018,3.52201
0.928164,1.47412
-0.545667,1.1301
3.00388,2.23174
3.35803,1.50313
4.39576,0.518385
3.58868,0.559357
3.8146,1.08687
4.28175,0.744043
4.01758,0.201487
3.94937,0.545568
4.28544,0.53465
4.56297,0.612844
4.57379,0.419234
4.65856,0.611673
4.77304,0.540046
-4.91498,0.650536
-4.94501,0.58229
-4.38112,0.0486227
-4.48111,0.269557
-4.72389,0.793551
-4.68342,0.667795
-4.05065,0.498663
-4.3195,0.293239
-3.82955,0.593847
-3.78132,0.77744
-4.23961,-0.188608
-3.63829,1.30902
-3.4502,1.3998
-3.56952,0.134309
-1.05416,-0.280183
-1.9027,0.859384
-2.64824,1.24785
-1.28468,2.20311
-0.0158648,0.658893
-1.06856,-1.25721
-0.571027,2.9243
1.41946,1.87778
1.44207,-1.38426
0.337528,1.3326
2.14223,-0.337191
0.824356,-0.759885
0.475176,1.02164
3.2485,1.67602
3.99922,0.840746
3.44734,-0.095308
4.32988,1.30896
3.43294,0.937835
3.31232,0.617916
4.35611,0.651462
4.08593,0.995636
4.36433,0.760691
4.66503,0.509913
4.48374,0.570448
4.74759,0.638213
-4.86032,0.774763
-4.87741,0.735921
-4.19789,0.352204
-4.36566,0.713663
-4.19843,0.757711
-4.61946,0.74231
-4.382,1.08187
-3.69023,0.882373
-3.64921,-0.00706156
-3.25907,1.19834
-3.53625,1.02797
-4.10932,0.857948
-2.42999,1.79252
-3.89726,1.99952
-1.88532,1.92629
-2.92274,0.94861
-1.03687,2.02161
-0.204956,1.37662
-0.840608,2.11768
0.145177,2.37656
0.474156,2.90195
0.63489,3.17804
1.55844,3.57164
2.3342,1.60905
1.68292,1.62962
1.78919,2.74923
0.891595,0.0374339
2.2959,-0.121177
2.82433,1.0755
2.57463,0.737954
4.16377,0.744082
3.97862,1.00873
3.79831,0.556286
3.93118,0.64905
4.42768,0.995939
4.18689,0.621672
4.60771,0.722742
4.56184,0.92271
4.72336,0.731662
-4.82805,0.848105
-4.55281,0.674534
-4.68782,0.878467
-4.59757,0.844021
-4.31336,0.957807
-4.567,0.963888
-4.38064,0.854454
-3.76136,0.2654
-2.92709,0.24704
-4.1861,1.14224
-4.0133,0.96034
-3.0951,-0.158078
-3.44173,1.15233
-2.57177,0.66477
-3.33159,1.67337
-1.92639,1.46687
-0.320852,0.852652
-0.98122,1.90213
-0.359447,2.34044
0.228179,1.65238
0.773745,1.06215
1.61234,2.68781
0.603428,2.4451
1.2659,2.95313
0.895203,2.01128
2.34478,1.1094
2.18564,1.80118
3.41446,0.085519
3.64023,0.96249
3.81233,0.959499
3.38794,1.30578
4.30131,1.15868
3.52601,1.21462
3.87648,0.821688
4.12359,0.890905
4.5364,1.02781
4.51151,1.14215
4.68484,0.880245
4.70187,0.814564
-4.7964,0.920054
-4.74042,1.04727
-4.75594,0.587883
-4.43792,0.736197
-4.13335,1.23506
-4.51152,1.05549
-4.23131,1.28522
-3.90235,1.05709
-3.76035,1.38647
-3.14788,1.59137
-3.78171,1.58344
-3.52862,1.43116
-3.03633,0.774463
-1.82,-1.6117
-2.4394,2.39718
-1.48026,1.51068
-0.891126,1.6869
-0.661768,1.49347
0.36447,0.683606
0.0217513,3.20377
0.342143,2.51931
0.365748,2.9021
1.18489,3.58119
1.82253,-0.0498346
2.38735,2.91513
2.54065,2.01215
2.89396,2.01063
1.86097,0.43025
2.67844,2.10261
3.95885,1.13584
4.17742,1.55953
4.45522,0.893183
3.38531,1.06619
4.14844,1.33193
4.23905,0.878162
4.27005,1.06379
4.24717,1.27562
4.58493,0.822135
4.66492,0.957096
-4.7663,0.988449
-4.60535,1.0943
-4.363,0.582777
-4.09592,0.985746
-4.64876,0.988693
-4.32413,1.1953
-3.97032,1.5607
-3.68477,1.10159
-3.52381,0.785765
-4.00678,1.27574
-3.59988,0.591397
-3.38772,1.88105
-2.92192,0.45114
-2.71146,2.34518
-2.63784,1.95309
-1.70336,1.48417
-1.246,2.05778
-0.423426,2.15402
-1.14832,1.56817
0.54747,2.10154
-0.594907,2.50723
-0.0692966,2.44118
1.32899,3.2389
1.03314,3.14605
2.93877,2.87993
2.55247,2.45485
0.737036,2.66191
3.14028,1.4175
3.00632,2.54675
2.97147,1.33018
3.74549,0.801949
1.21051,0.94516
3.77773,1.56481
3.94958,1.50586
4.18726,1.01811
4.46484,0.793808
4.34013,0.941414
4.48218,1.24225
4.64008,1.05288
-4.71176,1.11241
-4.6806,1.18322
-4.12334,1.6695
-4.26534,1.50562
-4.31318,1.32191
-4.42472,0.996686
-4.14084,1.53987
-4.17595,0.586258
-3.94613,0.804474
-3.96332,1.16971
-3.67478,1.69946
-2.93069,1.51913
-3.04941,1.93054
-1.10591,1.80478
-3.23224,2.101
-2.0007,2.07647
-1.42024,2.02427
-2.08914,1.86881
-0.744694,2.56564
-1.48207,1.84668
-0.516422,2.79379
0.483889,3.08722
0.736957,2.78885
1.12045,3.46708
0.803432,3.47111
1.84451,2.26693
2.54843,3.06592
2.46752,3.3733
3.28255,1.85252
3.77584,1.24367
3.54422,1.38654
4.10885,1.11985
3.52126,1.58511
4.04047,1.25346
4.17513,1.20766
3.71104,1.3747
4.40362,1.39409
4.38173,1.20993
4.447,1.32615
4.61624,1.14487
-4.65148,1.24942
-4.47764,1.15802
-4.21477,1.3938
-3.92035,1.33714
-4.29461,1.41557
-4.2598,1.04949
-4.02697,1.55497
-3.86153,1.66853
-3.80636,0.965034
-3.01312,1.78961
-3.45155,1.98208
-3.58221,2.19259
-2.94483,2.50031
-2.57867,2.38092
-2.44484,1.99999
-2.32278,2.37348
-2.25003,1.80121
-0.724672,0.614635
-0.266944,2.61443
-0.680125,2.97312
-0.409386,2.58234
-0.0930934,3.12599
0.146021,3.66135
1.01757,2.86568
1.99777,1.42806
2.1563,2.65341
2.2784,3.12277
2.13212,2.23927
3.04376,1.55683
3.30374,2.14987
2.12871,0.884298
3.7181,1.97464
2.90934,0.849641
3.7163,1.71777
3.87347,1.29039
3.87227,1.6189
4.07778,1.42965
4.40872,1.09222
4.30916,1.5425
4.59357,1.2323
-4.59486,1.3781
-4.62422,1.31136
-4.01159,1.42785
-4.56808,1.19187
-4.01616,1.69498
-3.802,1.93292
-4.41079,1.36951
-3.77703,1.78386
-4.06102,1.10467
-3.86818,1.46071
-3.74618,2.01627
-3.2244,2.48397
-2.11012,2.03411
-2.75893,2.05698
-2.44392,2.14803
-1.91267,1.67128
-1.67708,2.0489
-1.42715,1.71303
-0.531724,1.69462
-1.82145,1.10753
-0.079106,2.68106
-0.928472,2.94482
0.491283,3.44577
0.595389,3.82572
1.03162,3.86161
0.824359,3.28369
1.8151,3.39913
1.62521,2.96232
2.43086,3.12133
2.61477,2.72097
3.27085,2.0135
3.62576,1.63255
3.81098,1.73566
3.32381,0.403883
3.37569,1.65255
3.84285,1.4356
3.98028,1.37407
4.06588,1.53311
3.65671,1.18362
4.25343,1.38741
4.34313,1.45556
4.56949,1.31755
-4.55761,1.46275
-4.47237,1.4353
-4.32931,1.58584
-4.20638,1.59298
-4.33823,1.72727
-3.54771,1.6489
-4.10768,1.39471
-4.09288,1.75135
-3.29119,1.98676
-3.62332,1.97636
-3.18615,1.75574
-2.82009,1.88415
-2.98314,2.36658
-2.03959,1.29321
-2.84986,2.34565
-1.31201,1.24717
-2.2568,1.9662
-1.47748,2.39634
-0.753368,1.89886
-0.861705,2.29905
-0.803958,2.63841
-1.22287,2.39491
0.265919,2.14877
0.557356,3.5149
0.942897,3.28085
0.831806,3.06603
1.96665,3.24521
2.17995,3.59616
2.02886,3.45312
3.18994,2.55699
3.02302,1.96455
3.18516,2.26919
3.67845,1.83066
3.47459,1.80483
3.92422,1.80265
4.01474,1.62537
4.13106,1.65796
4.2094,1.73092
4.16147,1.81668
4.43289,1.56148
4.52334,1.39995
4.47894,1.47924
-4.51542,1.55863
-4.51264,1.29736
-4.38059,1.48403
-4.43221,1.25308
-3.93814,1.73057
-4.25242,1.71858
-3.36774,1.50187
-3.82999,1.22936
-3.77769,2.15669
-3.5653,2.06722
-2.99529,2.26845
-3.41867,2.12931
-2.23002,0.905935
-2.84972,2.72322
-2.14971,2.20581
-2.94335,1.95132
-1.59053,1.86879
-1.65572,1.69235
-1.30466,1.55627
-1.34932,2.32099
-1.3198,1.84177
-1.00763,2.62135
-0.920461,2.60749
-0.0556121,1.87431
-0.0454797,3.30948
1.37027,3.38693
0.429863,3.59918
1.66878,3.13988
1.95089,3.64005
2.26971,2.53004
2.96332,2.42994
2.60126,2.24025
3.14907,2.06411
3.4792,2.34976
3.63892,2.04204
2.92611,1.74799
4.07073,1.98276
3.95854,1.70343
4.11658,1.9056
4.2113,1.47076
4.3296,1.74592
4.26108,1.64205
4.41044,1.60157
-4.47625,1.64765
-4.44459,1.7196
-4.38575,1.85334
-4.39606,1.61672
-4.15031,2.02926
-3.43612,1.76733
-4.17629,1.79948
-3.55423,1.91375
-4.12286,1.89715
-3.41986,2.48653
-3.45673,2.23339
-2.76584,2.21665
-3.39806,2.31359
-2.98541,2.79781
-1.9072,1.81572
-1.84902,2.27365
-1.62628,2.16035
-1.74324,1.84992
-2.13507,1.61217
-1.38567,2.45733
-0.684375,2.25351
-0.914604,2.43202
-1.1169,2.42547
-0.778691,2.77756
0.273652,3.31534
0.213482,2.94701
0.557938,3.3136
0.716129,4.05249
1.02145,3.42539
2.1392,3.21269
1.97512,2.90363
3.0037,2.95821
2.56983,2.90489
3.37726,2.26237
3.06437,1.72259
3.54863,1.93951
3.58855,1.78229
3.41147,1.95455
3.88563,1.92686
3.80139,1.86733
4.07343,1.75551
4.03002,2.07561
4.22907,1.92545
4.36794,1.67746
-4.41444,1.78813
-4.25253,1.8425
-4.05675,1.97578
-4.20641,1.9396
-3.89132,1.84091
-3.63921,1.52745
-3.99721,2.20574
-3.85243,2.07729
-3.85121,2.36933
-3.67792,2.43713
-3.21139,2.30431
-2.60745,2.24763
-2.2861,2.49535
-2.36335,2.28331
-2.503,2.2383
-2.38644,1.90088
-1.86977,2.13048
-2.15454,2.50164
-1.54934,2.31452
-1.04282,2.38062
-1.62402,2.58417
-0.518799,2.08562
-1.06035,2.5825
-0.212588,2.80587
-0.579404,2.68747
2.03919,2.46779
0.212648,3.44822
0.744761,3.66879
1.17048,3.64724
1.24046,3.42448
1.70078,3.65798
2.36194,2.72685
2.14661,2.88169
3.23657,2.43908
2.90973,2.26046
3.2969,2.34302
3.11152,2.37558
3.85618,2.16222
3.48511,2.05324
3.75981,2.11604
3.81021,2.00197
4.00942,1.85444
3.97873,2.15916
4.19016,1.99493
4.29247,1.81222
-4.35916,1.91378
-4.30522,2.00876
-4.32174,1.99018
-3.9289,2.14513
-3.98871,2.05088
-3.96852,1.91505
-3.75234,2.29156
-3.58632,1.79278
-2.34755,1.54307
-3.68617,2.51598
-3.62798,2.34912
-3.8572,2.23801
-2.6416,2.58829
-2.45883,2.5333
-2.38162,2.49165
-2.52925,2.45096
-2.00446,2.17668
-1.7083,2.34274
-1.38843,2.13343
-1.54445,2.1411
-1.31195,2.67826
-1.20533,2.27377
-1.13095,2.13201
-1.30088,2.8163
-1.27886,2.49051
-0.218387,3.01792
0.143354,3.10757
-0.325113,2.96212
0.274482,2.73906
0.441226,3.88474
1.54468,2.50865
1.68479,3.41022
2.08848,3.04887
2.40655,3.49453
2.49715,2.66714
2.67794,2.42206
3.14999,2.7746
2.83266,2.48643
2.53643,1.74674
3.54466,2.23917
3.58998,2.40694
3.44264,2.14648
3.70203,2.20808
3.97484,1.95704
3.92633,2.24544
3.88147,2.32677
4.25093,1.8864
-4.24357,2.07812
-4.02596,1.83661
-4.18888,2.13964
-2.74915,1.70768
-3.95016,2.4082
-3.49008,2.36863
-3.70102,1.88419
-3.74665,2.3969
-3.12016,2.21825
-3.30712,2.82469
-2.85289,2.14377
-3.05793,2.12919
-3.31357,2.42681
-2.48031,2.65735
-2.54962,2.56608
-1.93532,2.41588
-1.83467,2.61769
-2.02716,2.55671
-2.0512,2.42148
-1.84372,2.39756
-1.20885,2.55696
-1.35875,2.56728
-1.21667,2.74453
-1.38292,2.74745
-0.406015,1.88701
-1.00301,2.25359
-0.657257,2.78355
-0.188111,2.8844
0.678835,2.95893
0.260466,3.17306
0.171413,3.55866
1.29495,3.67053
0.943058,3.54627
1.67548,3.80972
2.49805,3.60738
2.60574,3.17569
2.877,2.98887
3.08992,2.63792
3.22212,2.70083
3.41199,2.68188
3.60332,2.1382
3.42459,2.44283
3.7727,2.52377
3.78864,2.26505
3.90945,2.0794
4.07092,2.20785
4.14839,2.06951
-4.1346,2.20071
-4.0667,2.27709
-4.07812,2.12363
-3.91961,2.29689
-3.67665,2.24637
-3.58363,2.31145
-3.56864,2.66385
-3.38547,2.51862
-2.7947,2.76493
-3.30123,2.21506
-2.16011,1.33204
-3.11388,2.93133
-2.99335,2.62248
-2.71616,2.62869
-2.18904,2.32058
-2.18687,2.41261
-2.2413,2.22313
-1.7129,2.41348
-1.95777,2.27547
-1.51023,2.49067
-1.42408,2.60283
-1.75243,2.23715
-0.964167,2.81364
-1.16028,2.66449
-0.379,2.81466
-0.636146,3.04794
-0.830799,3.0125
0.0187075,2.86272
-0.478372,3.01771
0.137354,3.27854
0.135148,3.40916
0.541027,3.66567
1.22316,3.1859
1.45088,3.02252
1.44841,3.63387
1.55552,3.27284
2.85248,2.80981
2.24177,2.97423
2.79078,3.09964
2.83209,2.69048
3.2186,2.89214
3.30238,2.62507
3.46737,2.59964
3.36421,2.54214
3.64644,2.30572
3.68599,2.47391
3.82876,2.42262
4.04007,2.26295
4.10585,2.14549
-4.00477,2.34677
-3.6854,2.10019
-3.3797,2.74762
-3.64954,2.59279
-3.78745,2.45897
-3.54981,2.47347
-3.47195,2.79845
-3.29231,2.65405
-3.10361,2.38911
-2.89072,2.86907
-2.69456,2.70572
-2.66923,2.46637
-2.36495,2.62576
-2.1393,2.58548
-2.07221,2.31476
-1.93756,2.52096
-2.11021,2.67879
-2.29775,2.70828
-1.85055,2.5102
-1.61613,2.43857
-1.44205,2.24352
-1.55121,2.58503
-1.2066,2.88386
-1.02731,2.72336
-1.10946,2.81051
-0.592855,2.37319
-0.955646,3.20526
-0.856527,2.85452
-0.169897,3.23428
0.0864874,2.63282
-0.479917,3.44486
0.696591,3.36797
0.330333,3.50994
1.06616,3.76615
0.670096,3.50491
2.00736,3.33404
1.68377,3.54857
1.82561,3.06562
2.40138,3.2839
2.96631,3.10767
2.9087,2.60315
2.98451,2.73914
3.34335,2.74934
3.27316,2.81569
3.52709,2.50933
3.61957,2.57091
3.73594,2.37741
3.72041,2.62732
3.96072,2.40465
4.00326,2.32867
-3.89636,2.46873
-3.8357,2.53697
-3.71274,2.67531
-3.3967,2.6413
-2.5895,1.70226
-3.04287,2.51605
-3.12622,2.63435
-3.21193,2.83428
-3.524,2.60632
-2.61132,2.07934
-2.92365,2.78555
-2.9453,2.98503
-2.38538,2.75918
-2.57766,2.78891
-2.24004,2.5984
-2.22102,2.69365
-2.02105,2.6576
-1.91175,2.64131
-1.74308,2.63306
-1.5272,2.73202
-1.62972,2.6909
-1.45778,2.81365
-1.47419,2.66796
-1.37367,2.87975
-1.05543,3.0039
-1.04275,2.88297
-1.02403,3.14925
-0.205118,2.41007
-0.752715,2.92418
-0.528612,3.12067
-0.406643,3.35305
0.395024,3.21898
0.0453042,3.50695
-0.00132204,3.71948
1.18986,3.79388
0.950199,3.67481
1.45007,3.75784
1.92319,3.51264
2.30515,3.5433
2.31339,3.29214
2.68075,3.00107
2.77144,2.91502
3.17393,3.0189
3.2313,3.09711
3.36375,2.90261
3.10364,2.92803
3.50542,2.74928
3.66301,2.7121
3.61371,2.78881
3.56759,2.66342
3.8712,2.5645
3.91577,2.4849
-3.77772,2.6022
-3.51049,2.72448
-3.58457,2.81949
-3.40048,2.8741
-3.47882,2.93847
-2.9292,2.67737
-3.30305,2.92029
-3.17686,2.71928
-3.10442,2.7296
-2.7827,2.85842
-2.68254,2.82209
-2.78741,2.56074
-2.59121,2.6856
-2.40505,2.86036
-2.47717,2.75621
-2.17808,2.80798
-2.11146,2.79261
-1.9282,2.75032
-1.79716,2.72008
-1.86099,2.73481
-1.70135,2.52876
-1.64012,2.81107
-1.27817,2.9435
-1.12746,2.94201
-0.808108,2.40848
-1.10643,3.08513
-0.74004,3.23699
-0.974169,3.04432
-0.752537,3.0823
-0.645319,3.3038
-0.362873,3.107
-0.399451,3.51193
-0.153815,3.39876
-0.245827,3.33767
0.32175,3.61584
0.624834,3.60772
0.814084,3.68843
1.44445,3.86287
1.30308,3.88263
1.26169,2.24214
1.83882,3.65903
2.06046,3.59543
2.4111,3.69087
2.56331,3.27713
3.04221,3.20871
3.04227,3.045
2.9058,3.17659
3.26723,3.17706
3.27677,2.98738
3.06306,2.8167
3.54726,2.85594
3.69037,2.86451
3.7893,2.71074
3.83074,2.63674
-3.64639,2.74994
-3.52947,2.88148
-3.23488,2.58447
-3.22271,2.94493
-3.19244,3.04207
-3.00898,2.90288
-2.84436,2.51609
-3.10261,2.82386
-2.76109,2.94252
-2.66407,2.92013
-2.56836,2.89805
-2.47955,2.87755
-2.3286,2.84272
-2.24325,2.82302
-2.06578,2.78207
-1.99377,2.76545
-1.70995,2.75787
-1.58567,2.85255
-1.53093,2.89426
-1.42903,2.9719
-1.19051,3.01193
-1.32623,3.05023
-1.129,3.20049
-0.873166,3.26503
-0.79075,3.32881
-0.591349,3.22177
-0.670114,3.14776
-0.0199069,3.02743
-0.333779,3.41161
-0.0503692,3.56915
0.318201,3.78351
0.0402232,3.37089
0.683053,3.74759
0.371241,3.40797
1.41935,3.94821
1.21138,3.91247
1.54457,3.718
1.66984,3.89994
1.82628,3.53209
2.17642,3.36257
2.30643,3.41119
2.59787,3.52026
2.73621,3.35587
2.76143,3.17778
2.97836,3.28234
3.18233,3.22702
3.12427,3.12596
3.34836,3.06813
3.4295,2.83067
3.41846,2.98809
3.49098,2.92086
3.74478,2.79025
-3.42886,2.99467
-3.36813,3.06298
-3.2701,3.05999
-3.11142,3.02337
-3.01697,3.00157
-2.86558,2.96663
-1.47821,2.93443
-1.37511,3.01298
-1.27233,3.09129
-1.22894,3.12435
-0.827768,3.17821
-0.896563,3.10075
-0.430743,3.19591
-0.506242,3.29412
-0.3262,3.26431
-0.248197,3.15011
-0.254531,3.46576
-0.302115,3.56201
-0.247671,3.69545
0.231883,3.66299
0.309321,3.89367
0.507396,3.77657
0.773604,3.81323
0.790883,3.94229
0.919561,3.90537
1.76788,3.77679
1.60391,3.97837
1.86965,3.77757
2.18221,3.69104
2.36244,3.62078
2.6149,3.66002
2.73107,3.64757
2.64141,3.40233
2.81902,3.41725
2.90332,3.3541
2.71516,2.78091
2.68003,3.26263
3.12047,3.29137
3.47166,3.08322
3.53146,3.02342
3.6131,2.94178
-1.17918,3.16226
-1.07365,3.24267
-0.994705,3.30281
-0.566277,3.37887
-0.844951,3.41691
-0.537409,3.53079
-0.706402,3.39851
-0.101313,3.6705
-0.627846,3.46304
-0.152585,3.51507
0.065233,3.84808
0.0412676,3.61914
0.190655,3.91552
0.692793,3.88498
0.627017,3.97956
0.661942,4.12166
0.91423,3.79295
1.33034,3.77517
1.53383,3.43259
1.55466,3.89707
1.99862,3.86246
1.97238,3.74955
2.08926,3.70583
2.18434,3.48861
2.33031,3.89792
2.66739,3.57289
2.51245,3.44661
2.89978,3.50476
2.81092,3.58618
2.84062,3.2466
2.97882,3.43735
3.0593,3.36347
3.33022,3.22466
3.41043,3.14445
-0.914833,3.36367
-0.773345,3.47147
-0.451598,3.59677
-0.683629,3.53983
-0.194647,3.61069
-0.0562024,3.45198
-0.16402,3.75403
-0.398251,3.73185
0.104818,3.75631
-0.0482992,3.8054
0.530498,3.9214
0.171871,3.79127
0.393914,3.719
1.12148,4.03111
0.763872,4.17972
1.0069,4.03593
0.955586,4.13103
1.43638,4.04031
1.53931,4.03165
1.75254,4.06418
2.03631,3.9674
2.09569,3.83354
2.42245,3.89647
2.33522,3.7945
2.56959,3.94602
2.52097,3.85423
2.53449,3.71405
2.69307,3.741
2.97342,3.58145
2.75368,3.50071
3.05259,3.50229
3.13393,3.42095
3.22907,3.32581
-0.584966,3.615
-0.486913,3.68945
-0.315348,3.7715
-0.352946,3.63773
-0.191557,3.83071
0.24517,3.97089
-0.0893724,3.87958
0.392663,3.92543
0.429061,4.12753
0.901258,4.00124
0.435827,4.04139
0.807235,4.05438
0.863828,4.13294
1.02283,4.25814
1.21911,4.05683
1.10931,3.941
1.39215,4.19658
1.32363,4.0173
1.76563,4.14701
1.79714,3.89925
1.89417,3.89739
2.13651,3.94229
1.84738,4.0218
2.22978,3.91928
2.19597,3.81465
2.44142,3.77866
2.27558,3.71811
2.83486,3.72002
2.76064,3.79424
2.90211,3.65276
0.0123998,3.92825
0.134879,3.98683
0.251712,4.04271
0.34488,4.08727
0.564642,4.09343
0.513981,4.16814
0.671367,4.24341
0.832437,4.32044
1.12529,4.20989
1.0238,4.33246
1.23814,4.20675
1.30483,4.10636
1.5287,4.20624
1.50642,4.13131
1.6475,4.093
1.72085,3.98068
1.94961,3.99389
1.87656,4.11927
2.02045,4.0833
2.13922,4.05361
2.34268,4.00275
2.24221,4.02786
2.46005,3.9734
2.61384,3.81586
2.66207,3.89281
0.593478,4.20616
0.751023,4.28151
1.13828,4.11572
0.914849,4.3597
0.929844,4.22772
1.13882,4.30371
1.25679,4.27422
1.39537,4.23957
1.64916,4.17613
