x,y
0.242714,-4.33543
-0.237339,-4.14758
-0.159861,-4.1779
-0.0818075,-4.20844
-0.00347939,-4.23909
0.0705892,-4.26808
0.0896026,-4.21785
0.151337,-4.29967
0.328297,-4.35435
0.314588,-4.29154
0.39402,-4.33918
0.454861,-4.32514
0.520902,-4.3099
0.615148,-4.28816
0.717953,-4.26443
0.791375,-4.24749
0.865336,-4.23042
0.842217,-4.1693
0.970031,-4.20626
0.987195,-4.14125
1.07024,-4.18313
1.16385,-4.16153
1.24442,-4.14294
1.32055,-4.12537
1.40831,-4.10512
1.53759,-4.07528
1.62149,-4.05592
-1.00586,-3.84686
-0.918634,-3.88099
-0.856698,-3.83282
-0.819427,-3.91981
-0.752658,-3.94594
-0.689016,-3.97084
-0.624706,-3.99601
-0.59375,-3.94233
-0.5213,-4.03647
-0.438477,-4.06888
-0.218078,-4.09416
-0.279597,-4.05514
-0.310966,-4.11877
-0.145595,-4.12022
0.000339058,-4.16907
-0.0602925,-4.07238
0.0582924,-4.10946
0.211124,-4.19279
0.152588,-4.16715
0.333411,-4.21341
0.403251,-4.2616
0.475392,-4.2574
0.632611,-4.20771
0.593194,-4.14806
0.767049,-4.19065
0.915419,-4.15008
0.967379,-4.07722
1.13116,-4.09919
1.0618,-4.1248
1.04263,-4.0594
1.38555,-4.00394
1.19682,-4.07785
1.31984,-4.06766
1.38575,-4.06192
1.57407,-3.91202
1.5922,-3.98835
1.65917,-3.97308
1.71419,-4.03453
1.79816,-4.01515
1.89874,-3.98888
1.91988,-3.91199
2.00099,-3.92846
2.07788,-3.88303
2.15124,-3.83968
-1.86635,-3.61166
-1.79385,-3.63046
-1.66262,-3.66448
-1.58787,-3.68386
-1.48225,-3.64976
-1.5024,-3.70602
-1.42064,-3.72722
-1.34233,-3.74752
-1.32837,-3.68764
-1.26824,-3.76673
-1.20036,-3.78432
-1.13542,-3.80116
-0.890921,-3.74305
-1.071,-3.82137
-0.917128,-3.80965
-0.798712,-3.85702
-0.824308,-3.76824
-0.731826,-3.88044
-0.574738,-3.86846
-0.530453,-3.96289
-0.472902,-3.97775
-0.417001,-4.01012
-0.247688,-3.99867
-0.189938,-4.03894
-0.146595,-3.9818
-0.0657597,-4.14583
-0.000801096,-4.09245
0.271934,-4.20451
0.469456,-4.19356
0.53579,-4.18732
0.579894,-4.0924
0.817364,-4.10383
0.891773,-4.08353
0.796658,-4.03811
1.31113,-4.00678
1.29069,-3.95049
1.22523,-3.96679
1.45634,-4.0148
1.47257,-4.09029
1.72014,-3.96583
1.78911,-3.95602
1.72609,-3.89904
1.85265,-3.93926
1.88147,-3.85457
1.97825,-3.8766
2.04087,-3.83979
2.10678,-3.79518
2.24128,-3.78647
2.22234,-3.71631
2.31579,-3.74244
2.3865,-3.70066
2.34484,-3.65421
2.49396,-3.63716
2.57588,-3.58875
-2.80132,-3.33391
-2.73875,-3.38548
-2.66027,-3.40583
-2.57385,-3.30289
-2.55119,-3.43411
-2.47555,-3.45372
-2.45188,-3.39751
-2.32253,-3.49339
-2.30212,-3.43681
-2.16851,-3.53332
-2.08639,-3.48521
-2.08647,-3.55459
-1.9793,-3.51911
-2.00116,-3.57671
-1.93472,-3.59394
-1.77635,-3.57636
-1.72672,-3.64786
-1.69861,-3.57055
-1.63816,-3.60513
-1.44758,-3.52289
-1.5428,-3.57817
-1.40412,-3.67046
-1.38913,-3.61118
-1.2971,-3.56801
-1.25621,-3.70135
-1.24044,-3.63449
-0.980501,-3.78778
-1.01224,-3.63478
-0.69458,-3.81656
-0.662883,-3.90611
-0.63307,-3.84272
-0.33991,-4.02272
-0.517141,-3.88936
-0.209753,-3.94502
-0.373482,-4.09431
-0.122516,-4.0649
0.156783,-4.09304
0.558577,-4.24899
0.701168,-3.99774
0.776178,-3.96806
0.870712,-4.01795
0.948422,-4.00689
1.25455,-4.06742
1.50579,-3.92009
1.44409,-3.94029
1.52369,-4.00335
1.64454,-3.90257
1.94552,-3.81791
2.00955,-3.78076
2.07124,-3.74209
2.28339,-3.68744
2.16263,-3.75032
2.238,-3.55152
2.26205,-3.62096
2.47417,-3.58143
2.63549,-3.55353
2.40602,-3.61116
2.69574,-3.51793
2.66476,-3.46801
2.76912,-3.47457
2.84641,-3.4289
2.9239,-3.38311
2.98999,-3.34405
-3.05615,-3.11093
-2.94493,-3.20825
-2.87326,-3.27096
-2.91037,-3.15539
-2.86392,-3.19109
-2.60128,-3.36232
-2.824,-3.23416
-2.70763,-3.32458
-2.52732,-3.3814
-2.50511,-3.3217
-2.39203,-3.47537
-2.23833,-3.51522
-2.23563,-3.46045
-2.03527,-3.42465
-2.09017,-3.41212
-2.02839,-3.3538
-1.91256,-3.52925
-1.84375,-3.54977
-1.55752,-3.63218
-1.59705,-3.49418
-1.46365,-3.58814
-1.18734,-3.7208
-1.1187,-3.73434
-1.08078,-3.60345
-1.10004,-3.67428
-1.05104,-3.76006
-0.961538,-3.72223
-0.707954,-3.64306
-0.51163,-3.81199
-0.300219,-3.94437
0.25485,-4.27446
-0.0663882,-3.99623
0.568659,-4.02217
0.662747,-4.11315
0.944568,-3.84791
1.01961,-3.99053
1.37093,-3.9426
1.54791,-3.82902
1.78187,-3.81243
1.80891,-3.88049
1.96758,-3.7203
2.20001,-3.6501
2.43287,-3.52394
2.49678,-3.48801
2.53274,-3.54117
2.61893,-3.42498
2.67098,-3.38381
2.77245,-3.39288
2.72326,-3.42932
2.82896,-3.3634
3.02258,-3.25081
3.05457,-3.30589
3.08903,-3.21911
3.12035,-3.26702
3.14504,-3.18176
3.22315,-3.20627
3.29585,-3.12638
-3.35216,-2.85192
-3.29168,-2.90484
-3.2362,-2.95338
-3.08262,-2.99413
-3.12483,-3.05084
-3.0099,-2.96056
-3.00218,-3.15815
-2.99773,-3.07152
-2.95548,-3.11003
-2.82985,-3.13033
-2.78013,-3.17944
-2.77447,-3.28038
-2.62983,-3.2837
-2.4326,-3.33589
-2.37926,-3.42356
-2.14811,-3.47788
-2.03276,-3.5008
-1.82243,-3.48933
-1.966,-3.44891
-1.75671,-3.52271
-1.52443,-3.51407
-1.31512,-3.63039
-1.37223,-3.54527
-1.16819,-3.65438
-0.739605,-3.72288
-1.02909,-3.69551
-0.196273,-3.87656
0.0460744,-3.9541
0.0979859,-4.15782
0.183084,-4.25547
0.471949,-3.95878
0.927775,-3.92871
1.17167,-4.00653
1.70946,-3.83211
1.63476,-3.8378
2.03774,-3.67963
2.37059,-3.55483
2.58142,-3.48879
2.3157,-3.58765
2.79039,-3.30004
2.85439,-3.26413
2.60502,-3.16205
3.10569,-3.1199
2.95506,-3.2876
2.98749,-3.1939
3.05453,-3.15854
3.20395,-3.141
3.36822,-3.04195
3.24697,-2.98448
3.30792,-3.02184
3.44028,-2.95788
3.51841,-2.86674
-3.65858,-2.5838
-3.56674,-2.66416
-3.51636,-2.70825
-3.41479,-2.6096
-3.46416,-2.75392
-3.41071,-2.80069
-3.35678,-2.75534
-3.40876,-2.71219
-3.1973,-2.90592
-3.17965,-3.00286
-3.25109,-2.85343
-3.10427,-2.89113
-2.96636,-2.99932
-3.03841,-3.03462
-2.87858,-3.08929
-2.57137,-3.1404
-2.36031,-3.36334
-2.20952,-3.39593
-2.16804,-3.25625
-2.10452,-3.33177
-1.7368,-3.46432
-1.35574,-3.47815
-1.61528,-3.55449
-1.05339,-3.53426
-1.2559,-3.41848
-0.364283,-3.89828
-0.663082,-3.74692
0.016738,-4.02127
0.368774,-4.13368
0.399664,-4.20296
0.49411,-4.03768
0.748569,-4.12957
1.14316,-3.90455
1.47069,-3.84985
1.84325,-3.78942
2.12931,-3.69109
2.41541,-3.36439
2.6505,-3.22878
2.72783,-3.34353
2.92259,-3.05874
3.15969,-3.08069
3.25418,-3.08067
3.32843,-2.88381
3.20138,-3.03324
3.34809,-2.96426
3.522,-2.77056
3.42914,-2.88016
3.56724,-2.80976
3.61678,-2.75197
3.66695,-2.69344
3.71342,-2.63922
-3.76508,-2.44587
-3.79468,-2.39089
-3.73784,-2.49645
-3.70657,-2.54181
-3.61319,-2.62352
-3.5425,-2.59242
-3.4992,-2.63375
-3.20135,-2.80528
-3.45407,-2.67248
-3.31691,-2.81282
-3.27531,-2.77576
-3.15222,-2.85196
-2.93556,-2.92145
-2.92506,-3.04537
-2.67949,-3.1689
-2.67703,-3.26198
-2.14568,-3.40931
-1.69018,-3.31633
-1.88932,-3.46264
-1.67012,-3.48985
-1.19665,-3.50228
-1.11408,-3.50977
-0.867774,-3.66916
-0.56642,-3.72218
-0.385686,-3.9553
-0.010102,-3.85989
0.433584,-4.12836
0.504473,-4.11713
0.695089,-4.20749
0.855976,-3.9383
1.30255,-3.88234
1.86072,-3.69858
2.10326,-3.63428
2.16521,-3.59272
2.57245,-3.37743
2.81904,-3.20348
2.88915,-3.32999
3.17677,-2.95631
3.4713,-2.82598
3.3795,-2.83891
3.41804,-2.77655
3.46766,-2.72187
3.57028,-2.7141
3.70825,-2.54138
3.61931,-2.65457
3.65695,-2.59319
3.80401,-2.53353
3.84706,-2.48331
3.88782,-2.43576
3.969,-2.34104
-3.90124,-2.19299
-3.86554,-2.25929
-3.82788,-2.32924
-3.66944,-2.47115
-3.73411,-2.35828
-3.55921,-2.48352
-3.42576,-2.50279
-3.63111,-2.51506
-3.58656,-2.55464
-3.37059,-2.54832
-3.14579,-2.75579
-3.23591,-2.73697
-3.03757,-2.85061
-3.13867,-2.9536
-2.89227,-2.96964
-2.37976,-3.20614
-2.72807,-3.22636
-2.26312,-3.32098
-1.80261,-3.42234
-1.4086,-3.37692
-1.22047,-3.57058
-0.939716,-3.65916
-0.484878,-3.74418
-0.337787,-3.8336
0.0900521,-4.06309
0.238424,-4.12098
0.121489,-3.99233
0.642025,-4.01133
0.572406,-3.94318
1.36936,-3.78944
1.44135,-3.76965
1.93212,-3.64641
2.14183,-3.4263
2.62352,-3.33024
2.68671,-3.2886
2.95205,-3.1262
3.28648,-2.93341
3.21891,-2.90638
3.3655,-2.72869
3.40217,-2.67723
3.45891,-2.62237
3.65039,-2.49349
3.75229,-2.48349
3.75723,-2.58811
3.84149,-2.37796
3.9264,-2.39074
3.88273,-2.32964
4.02124,-2.2801
4.14729,-2.13304
4.06633,-2.2275
-4.02606,-1.96118
-3.96292,-2.07845
-3.93282,-2.13434
-3.77247,-2.29345
-3.83642,-2.16931
-3.60164,-2.43709
-3.60015,-2.29335
-3.70138,-2.41674
-3.52911,-2.41075
-3.44234,-2.38611
-3.25712,-2.6546
-3.30783,-2.70894
-2.92237,-2.73136
-2.90398,-2.8468
-2.73689,-3.12195
-2.7924,-2.95582
-2.28455,-3.37666
-2.18569,-3.33
-2.08458,-3.25897
-1.39344,-3.30158
-1.27484,-3.49813
-0.543177,-3.65524
-0.759668,-3.79534
-0.433048,-3.8474
-0.118307,-3.91174
0.187177,-4.0266
0.657845,-3.92164
0.729239,-4.06787
1.10788,-4.03067
0.846663,-3.86409
1.90227,-3.75999
1.38346,-3.87456
2.12605,-3.52709
2.45562,-3.43047
2.92073,-3.22735
3.13297,-3.00388
3.51589,-2.66819
3.32107,-2.78936
3.56623,-2.60921
3.69263,-2.43919
3.80088,-2.42705
3.73641,-2.26866
3.81484,-2.29456
3.92329,-2.28199
3.96308,-2.2346
3.93521,-2.14679
4.0017,-2.18659
3.91132,-2.05663
4.19259,-2.0802
4.27661,-1.98217
-4.08331,-1.85486
-3.99571,-2.01754
-3.80534,-2.07611
-3.89434,-2.05921
-3.70257,-2.10835
-3.80418,-2.23304
-3.63595,-2.38488
-3.47917,-2.45564
-3.52516,-2.27336
-3.56716,-2.35409
-3.51427,-2.52254
-3.30929,-2.60207
-3.08977,-2.80455
-3.05678,-2.92618
-2.84454,-3.01998
-2.47626,-3.2517
-2.06082,-3.18981
-1.87647,-3.39435
-1.5127,-3.43664
-1.0863,-3.43781
-1.33018,-3.40467
-0.456411,-3.68232
-0.502178,-3.56963
-0.338897,-3.63923
0.27322,-3.86479
0.333937,-4.05882
0.755883,-3.89907
0.994707,-3.91778
1.82523,-3.62602
1.89415,-3.576
2.06328,-3.56705
2.19605,-3.48848
2.31599,-3.50418
2.45965,-3.25205
3.08408,-3.04921
3.04961,-2.98145
3.25738,-2.74335
3.54785,-2.51285
3.65902,-2.23202
3.77449,-2.34326
3.85363,-2.24759
3.70111,-2.17671
3.77805,-2.21714
4.25723,-1.8985
3.89281,-2.19936
4.10743,-2.17954
4.08673,-2.09357
4.12855,-2.04819
4.32544,-1.9252
4.37575,-1.81086
-4.15205,-1.7272
-4.1229,-1.78135
-4.00482,-1.85278
-3.88752,-1.76932
-3.92345,-2.00483
-3.83701,-2.01479
-3.77213,-2.14031
-3.63342,-2.06352
-3.70822,-2.26262
-3.8659,-2.11252
-3.6388,-2.23047
-3.4883,-2.33494
-3.46688,-2.56691
-3.26431,-2.42305
-3.08561,-2.564
-3.18824,-2.69889
-2.79231,-3.06947
-2.54845,-3.23554
-1.71684,-3.39584
-1.78667,-3.35653
-1.64795,-3.40585
-0.780311,-3.46128
-1.29069,-3.3296
-0.763794,-3.59584
-0.592353,-3.78352
-0.448427,-3.91193
-0.0382155,-3.93109
0.636002,-3.82961
0.30518,-4.13475
1.0851,-3.95967
1.61591,-3.76999
1.78012,-3.73493
2.00261,-3.61033
2.39011,-3.4669
2.75392,-3.24428
2.85001,-3.08912
2.7839,-3.1439
3.26434,-2.849
3.60472,-2.55211
3.73505,-2.39142
3.64017,-2.38428
3.57377,-2.18731
4.04277,-2.1403
4.02874,-2.04624
3.75448,-1.97077
4.21599,-1.94753
4.17018,-1.99439
4.23506,-2.03064
4.35296,-1.86473
4.28281,-1.84377
4.40463,-1.74261
-4.22402,-1.59354
-4.1993,-1.63946
-4.24627,-1.55222
-4.03254,-1.80404
-4.17625,-1.68226
-4.05336,-1.91048
-3.73295,-2.05023
-3.56669,-1.81856
-3.55822,-2.02892
-3.73588,-2.20272
-3.56066,-2.20809
-3.1271,-2.28345
-3.38499,-2.43899
-3.32175,-2.48638
-3.3596,-2.65697
-2.79455,-2.82995
-2.41728,-3.10433
-2.33881,-3.30071
-2.3177,-3.23389
-1.43474,-3.44957
-1.18451,-3.34072
-0.92269,-3.58652
-1.14943,-3.58425
-0.852406,-3.60351
-0.637093,-3.66625
-0.158991,-3.80651
0.238536,-3.95722
1.4119,-3.6818
0.320178,-3.97288
1.21135,-3.8943
1.52478,-3.75366
1.75606,-3.6587
1.98376,-3.5262
2.53695,-3.20864
2.51558,-3.39541
2.9901,-3.02742
3.04592,-2.87358
3.38593,-2.58443
3.41412,-2.42439
3.61774,-2.28317
3.98265,-2.09152
4.00496,-1.95823
3.93386,-1.90242
4.07734,-1.98815
4.04722,-1.80375
4.17413,-1.88941
4.12335,-1.94161
4.30963,-1.78376
4.33704,-1.72047
4.43482,-1.67124
4.48325,-1.55677
-4.26967,-1.50876
-4.06096,-1.75043
-4.29142,-1.46837
-3.96105,-1.78559
-4.02134,-1.67071
-3.86516,-1.63717
-3.95156,-1.9536
-3.9293,-1.84308
-3.86915,-1.95828
-3.66768,-2.16947
-3.43951,-2.25088
-3.39511,-2.31472
-3.15233,-2.52138
-3.19793,-2.59502
-3.03062,-2.75706
-2.98516,-2.8879
-2.84436,-2.9034
-2.49338,-3.0781
-1.9538,-3.37917
-1.58446,-3.42388
-1.77919,-3.28756
-1.50661,-3.35997
-0.383211,-3.72046
-0.806039,-3.69241
-0.0827507,-3.82852
0.0305189,-3.7677
0.393878,-3.97397
0.262886,-4.04805
1.05932,-3.88785
0.918529,-3.77079
1.68352,-3.6783
2.32588,-3.2222
2.27137,-3.44799
2.57352,-3.28208
2.80743,-3.02625
3.01937,-3.09274
3.10306,-2.92437
3.50112,-2.57069
3.57478,-2.34084
3.69062,-2.32719
3.82516,-2.16604
3.86338,-1.82998
3.99074,-1.85512
4.21331,-1.83201
4.24139,-1.76668
4.265,-1.70445
4.10028,-1.85916
4.36311,-1.65888
4.45985,-1.61209
4.52063,-1.46842
-4.35337,-1.35332
-4.31136,-1.43134
-4.33265,-1.3918
-3.99247,-1.72784
-3.81665,-1.5447
-3.71206,-1.75016
-3.89976,-1.89937
-3.82941,-1.70831
-3.97784,-1.90271
-3.82777,-1.88629
-3.76214,-1.99575
-3.67313,-1.99749
-3.67059,-2.32702
-2.95287,-2.40499
-3.4806,-2.1799
-2.74505,-3.00563
-2.68482,-3.06107
-2.62041,-3.2058
-2.41031,-3.27684
-2.00624,-3.2751
-2.25339,-3.1682
-1.85962,-3.24833
-1.16612,-3.25384
-1.28756,-3.11331
-0.82423,-3.53374
-0.0620936,-3.7431
-0.409529,-3.78805
0.418918,-3.78138
0.73237,-3.81283
1.60154,-3.69812
1.67728,-3.58759
1.59323,-3.60812
2.49809,-3.32579
2.25841,-3.26603
2.40537,-3.17555
2.71579,-3.18233
2.97636,-2.93954
3.15343,-2.8662
3.59147,-2.44907
3.55684,-2.04174
3.61807,-1.98027
3.94193,-1.79749
3.78266,-1.73986
4.14208,-1.81045
4.31884,-1.58069
4.2931,-1.64182
4.24586,-1.55703
4.17008,-1.75277
4.39022,-1.60037
4.54153,-1.41903
4.5656,-1.36212
-4.40077,-1.26529
-4.37653,-1.31032
-4.14986,-1.57794
-4.04889,-1.61576
-4.11019,-1.49899
-4.09117,-1.68829
-4.08003,-1.5582
-4.1206,-1.62999
-3.48703,-1.73792
-3.71355,-1.92399
-3.63422,-1.89233
-3.39175,-2.1531
-3.59423,-1.9568
-2.6031,-2.56757
-3.25661,-2.54833
-2.85391,-2.77502
-2.56307,-3.05901
-2.74119,-2.87982
-2.24046,-3.25528
-1.95807,-3.2126
-1.35317,-3.21024
-1.60073,-3.33796
-0.911667,-3.50917
-0.295546,-3.74645
1.02318,-3.74239
-0.267149,-3.86354
0.177953,-3.738
0.451671,-3.88136
1.12837,-3.82208
1.58597,-3.50894
1.7049,-3.75607
2.0653,-3.47432
2.43976,-3.02788
2.76252,-2.95732
2.49774,-3.1286
3.03963,-2.7481
3.20519,-2.80524
3.22471,-2.64951
3.28588,-2.56348
3.88649,-1.95937
3.95616,-2.00259
3.83064,-2.01514
4.3746,-1.44902
4.21997,-1.62093
3.88831,-1.53639
4.12111,-1.67407
4.41263,-1.54127
4.23948,-1.39085
4.43741,-1.48043
4.5886,-1.30776
4.60934,-1.25874
-4.44622,-1.1809
-4.11088,-1.34596
-4.4224,-1.22513
-4.21082,-1.31191
-3.96872,-1.43819
-4.23877,-1.41069
-3.89931,-1.57504
-4.00859,-1.53239
-3.68097,-1.58606
-3.38782,-1.92664
-3.78093,-1.61445
-3.8545,-1.82474
-3.59597,-2.14306
-3.28372,-2.29604
-2.25553,-2.75633
-2.96705,-2.57917
-2.83976,-2.46244
-2.78847,-2.71432
-2.50691,-3.16396
-2.43544,-3.17885
-1.86651,-3.31919
-1.7626,-3.20538
-0.886557,-3.43168
-1.17744,-3.42562
-0.564904,-3.44452
-0.123183,-3.6096
-0.253537,-3.65957
1.03129,-3.81422
0.407727,-4.05372
0.824535,-3.78574
1.12501,-3.7418
1.28502,-3.80904
1.48236,-3.54788
2.5181,-2.70685
2.67048,-3.11772
2.89665,-2.98971
3.29603,-2.69398
3.33213,-2.63025
3.48336,-2.46683
3.86701,-2.10539
3.75046,-2.12509
3.35446,-1.91278
3.99762,-1.74114
4.20481,-1.45936
4.50343,-1.50907
4.30979,-1.42032
4.40242,-1.38031
4.46207,-1.41793
4.42674,-1.31584
4.6279,-1.21487
4.48639,-1.36306
4.64433,-1.17604
-4.51084,-1.06088
-4.46961,-1.13744
-4.49012,-1.09936
-4.33028,-1.24473
-4.27074,-1.35296
-4.07559,-1.40567
-4.17428,-1.37736
-3.9992,-1.37697
-3.9337,-1.50252
-3.94503,-1.65594
-3.91453,-1.71364
-3.34179,-1.74125
-3.64756,-1.66266
-3.67112,-1.82261
-2.77404,-2.38319
-3.33451,-2.37077
-2.96863,-2.80274
-2.72269,-2.6367
-2.68758,-2.93378
-2.6335,-3.00208
-2.18532,-3.00326
-2.63203,-3.1124
-1.84479,-3.09565
-0.981106,-3.40716
-0.425792,-3.59769
0.0629675,-3.67697
-0.228945,-3.77332
0.107216,-3.80749
1.00474,-3.54039
0.158991,-3.92677
0.357745,-3.88595
1.50579,-3.65041
1.76702,-3.55842
2.22749,-3.38955
2.3611,-3.09103
2.7339,-3.07128
2.8875,-3.16163
3.11226,-2.79126
3.35743,-2.50527
3.64481,-2.10769
3.78987,-2.0732
3.50519,-1.94347
4.04924,-1.9057
3.81224,-1.89941
4.18158,-1.31917
4.16501,-1.52903
4.20858,-1.23013
4.26401,-1.32179
4.52708,-1.25757
4.14174,-1.41243
4.45051,-1.25528
4.66175,-1.13486
4.67974,-1.09235
-4.55226,-0.983953
-4.28749,-1.18357
-4.14439,-1.27687
-4.3579,-1.18613
-4.25449,-1.25158
-4.20551,-1.22096
-4.30058,-1.29851
-4.17908,-1.52508
-4.03522,-1.3125
-4.1449,-1.44173
-3.7336,-1.2654
-3.47938,-1.98223
-3.61167,-1.74314
-3.34254,-2.22511
-3.19738,-2.3531
-3.21942,-2.21253
-2.97916,-2.68591
-2.54346,-2.87324
-1.74753,-3.10836
-2.40709,-3.021
-2.33842,-3.14197
-1.94391,-3.30731
-1.05249,-3.27445
-1.07692,-3.35524
-0.624731,-3.59695
-0.991024,-3.56792
-0.0364407,-3.65547
0.816844,-3.68209
0.906053,-3.65356
0.54994,-3.86214
1.77756,-3.30451
1.44555,-3.44888
1.94208,-3.44931
2.38463,-3.29892
2.70138,-2.87383
2.90905,-2.86718
3.16685,-2.72557
3.43506,-2.5307
3.339,-2.38079
3.52685,-2.40128
3.51151,-2.12265
3.23574,-1.98398
4.01513,-1.4692
4.27886,-1.49264
4.09709,-1.28177
4.33539,-1.34781
4.12723,-1.18687
4.38833,-1.20959
4.55283,-1.20623
4.69606,-1.05377
4.64948,-0.984841
4.71357,-1.01238
-4.5848,-0.906913
-4.53267,-1.02033
-4.44633,-1.03022
-4.22325,-1.14542
-3.97584,-1.02752
-4.2546,-1.07801
-4.35048,-1.04251
-4.21109,-1.46769
-3.97563,-1.59508
-3.80987,-1.35099
-4.04223,-1.46441
-3.56982,-1.55624
-3.79101,-1.94272
-3.52719,-1.89434
-2.80724,-2.57941
-2.88129,-2.65186
-3.1452,-2.644
-2.70865,-2.78168
-2.36765,-2.94685
-2.15469,-3.18477
-2.04762,-3.10905
-1.86396,-3.17932
-0.994899,-3.47822
-0.267492,-3.29062
-0.853725,-3.34316
0.111605,-3.58292
-0.0294083,-3.52554
1.1104,-3.64887
0.0765024,-3.88183
1.22637,-3.51177
2.18475,-3.31702
2.01972,-3.39657
2.34739,-3.41116
2.10255,-3.34445
2.84821,-2.92194
2.59077,-3.07096
3.16185,-2.58784
3.00112,-2.45393
2.95962,-2.24646
3.70021,-2.03909
3.56765,-1.85403
4.19494,-1.68742
4.09066,-1.49832
4.50877,-1.13538
4.50814,-1.31035
4.36093,-1.27897
4.31988,-1.17868
4.62194,-1.03464
4.57933,-1.14907
4.39254,-1.02459
4.53212,-1.07889
4.75021,-0.925777
-4.60908,-0.827148
-4.59689,-0.867198
-4.57316,-0.94514
-4.4749,-0.974692
-4.38348,-1.13359
-4.15078,-1.19923
-3.82331,-0.767353
-4.3123,-1.11198
-1.82081,-1.97384
-4.08586,-1.17533
-3.78342,-1.17583
-3.77151,-1.4285
-2.98748,-2.22308
-3.08139,-1.5406
-3.51593,-2.11058
-3.2062,-2.46956
-3.08871,-2.70078
-1.96666,-2.82063
-2.64042,-2.84493
-1.93094,-3.04427
-2.43963,-2.89518
-1.74171,-3.00506
-0.659983,-3.41726
-1.26545,-3.24099
-0.587983,-3.54078
-0.632175,-3.30504
0.472831,-3.65949
0.770855,-3.09367
1.38836,-3.58389
1.21205,-3.81563
1.69764,-3.47904
1.88665,-3.36075
2.67104,-3.0124
1.86684,-3.22827
2.21372,-3.05014
2.60817,-2.91835
2.97777,-2.81441
3.51805,-2.26834
3.46,-2.35543
3.13855,-2.26397
4.06994,-1.58989
4.14536,-1.60216
4.28462,-1.25482
4.30846,-1.00257
4.24653,-1.14799
4.36366,-1.10183
4.40296,-0.751641
4.36787,-0.844813
4.54988,-1.02312
4.42339,-1.14948
4.73134,-0.970383
4.77041,-0.878032
4.79295,-0.824761
-4.63475,-0.742779
-4.53716,-0.80736
-4.46651,-0.808082
-4.52296,-0.865869
-4.4143,-1.07982
-4.41657,-0.929836
-4.3288,-0.947981
-4.44442,-0.869143
-3.59104,-1.25737
-4.18688,-1.04374
-4.36664,-0.871258
-3.74641,-1.68144
-3.86043,-1.46111
-3.7932,-1.78166
-3.75025,-1.85347
-3.1128,-2.4291
-2.20746,-2.5992
-2.49101,-2.98056
-2.21515,-3.09804
-1.66794,-3.22888
-2.14161,-2.91175
-1.54988,-3.16267
-1.01722,-3.18169
-0.757945,-3.37608
-0.178106,-2.10994
-0.532657,-3.33464
-0.210484,-3.54859
0.287093,-3.34441
0.314704,-3.77753
0.21664,-3.64037
1.39407,-3.32336
1.2115,-3.63297
1.85791,-3.50104
1.66972,-3.36528
2.15918,-3.21031
2.95122,-2.68911
3.2413,-2.34741
3.22419,-2.50836
3.10264,-2.11793
3.67384,-1.89853
3.83576,-1.63312
4.47879,-1.19474
4.34683,-1.51578
4.60099,-1.08954
4.25358,-0.901301
4.49433,-0.965501
4.60415,-0.90484
4.67524,-0.926428
4.69211,-0.865966
4.41903,-0.948262
4.62605,-0.847843
4.72975,-0.812022
4.81734,-0.767103
-4.66201,-0.653225
-4.64809,-0.698951
-4.62166,-0.785794
-4.55531,-0.75275
-4.49966,-0.918286
-4.39684,-0.797203
-4.06868,-0.854427
-3.61211,-0.899386
-4.14522,-1.11167
-3.89514,-1.19747
-4.07001,-1.08306
-3.85091,-1.27543
-3.46014,-1.50815
-3.63116,-1.44781
-2.62884,-2.3363
-3.33067,-2.02507
-2.90432,-2.52251
-3.03345,-2.63109
-2.3197,-3.07158
-2.25985,-2.87068
-2.13647,-3.09938
-1.4854,-3.28692
-1.57148,-3.25726
-0.349685,-2.63055
-0.302623,-3.4236
-0.160271,-3.71051
0.203814,-3.49043
-0.414075,-3.37191
0.935651,-2.82901
0.0422415,-3.41561
1.09011,-3.24485
1.26418,-3.36341
1.29923,-3.61002
2.30887,-3.34987
1.48491,-3.11969
3.44563,-2.20653
3.29141,-2.44693
3.09999,-2.66137
3.42632,-2.0219
3.32792,-2.24672
4.09154,-1.74175
3.9582,-1.33662
4.0607,-1.3719
4.17266,-1.10649
3.63108,-1.0457
4.28343,-1.07714
4.52519,-0.895902
4.47218,-0.801969
4.4705,-1.02958
4.56627,-0.768633
4.55277,-0.837465
4.87846,-0.622632
4.57367,-0.965544
4.85958,-0.667257
-4.67674,-0.604809
-3.97358,-0.376598
-4.41676,-0.489637
-4.41642,-0.731236
-4.5063,-0.438228
-4.48186,-0.743528
-4.20409,-0.818938
-4.38715,-0.98439
-3.47268,-1.16025
-3.90708,-0.824229
-3.14691,-1.32665
-3.19117,-1.69223
-3.51334,-1.38278
-3.2248,-1.97161
-3.41051,-1.6195
-3.42701,-2.07384
-2.63957,-2.69585
-2.86999,-2.28684
-2.55646,-2.75389
-2.38521,-2.70738
-1.70321,-2.85859
-1.20328,-2.83278
-1.95611,-3.12359
-0.700229,-3.14075
-0.553187,-3.17816
0.190763,-1.65777
0.0648011,-3.02478
0.28432,-3.09415
0.342547,-3.53675
0.607778,-3.73232
1.01208,-3.07093
1.80895,-3.41919
1.97689,-3.14545
2.14662,-2.75097
2.70741,-2.73555
2.88311,-2.75908
2.92094,-2.55196
3.08319,-2.51708
3.42995,-1.82362
3.74025,-1.8258
4.04142,-1.66726
3.63054,-1.77343
3.6942,-0.815341
3.91314,-1.43392
4.18741,-0.771629
4.45163,-1.08878
4.1074,-0.689604
4.56938,-0.602261
4.44883,-0.870554
4.53714,-0.502923
4.80524,-0.610648
4.83919,-0.715459
4.75629,-0.739621
4.89649,-0.580017
-4.70385,-0.515748
-4.69064,-0.559158
-4.60052,-0.625383
-4.4414,-0.65207
-4.57749,-0.688655
-4.34087,-0.705939
-4.09405,-1.01119
-4.26074,-0.904887
-4.23061,-0.757892
-3.90009,-0.655593
-2.82791,-1.92466
-4.16148,-0.877252
-3.71708,-1.02314
-3.13582,-1.83263
-3.43295,-1.82468
-1.88027,-2.69458
-3.90137,-1.38065
-2.58472,-2.94515
-2.37861,-2.52913
-1.61449,-3.03347
-0.252892,-1.48749
-2.05838,-3.01459
-0.751287,-3.26748
-0.797111,-2.25583
-0.456973,-3.47517
-0.336998,-3.53093
0.108615,-3.28581
0.678099,-2.85954
0.514311,-3.77091
0.337299,-3.66564
0.48229,-3.52365
1.64881,-3.05783
1.3312,-3.48271
1.55544,-3.39708
2.64244,-2.63117
2.78898,-2.82339
2.5193,-2.99229
3.16466,-2.42714
3.29664,-2.08371
3.2312,-2.18511
3.9059,-1.71991
3.54451,-1.24355
4.15028,-0.865398
4.34334,-0.929091
2.79933,-0.969899
3.21645,-1.43744
4.45196,-0.658341
4.50206,-0.734748
4.6831,-0.710299
4.39218,-0.368319
4.61583,-0.696619
4.91433,-0.537854
4.93295,-0.493847
-4.71625,-0.474999
-4.72615,-0.442471
-4.63199,-0.493008
-4.03539,-0.536315
-4.61187,-0.56093
-4.50915,-0.664938
-4.55043,-0.533628
-4.29365,-0.842378
-4.14273,-0.948023
-4.28761,-1.00537
-3.93025,-1.11668
-3.40808,-1.27882
-4.07044,-1.24843
-3.72916,-1.50771
-3.0305,-2.33683
-3.15916,-2.08624
-2.51941,-2.4416
-2.70001,-2.50094
-1.11679,-3.03066
-2.28577,-2.97989
-1.14821,-3.15024
-2.01235,-2.9328
-0.954458,-3.31903
-0.426398,-3.23159
-0.696644,-3.51701
1.13091,-2.22796
0.909492,-1.51063
-0.254243,-3.1178
1.32715,-3.71191
0.83718,-3.27108
0.972906,-3.41534
1.54881,-3.26328
1.53195,-2.8874
2.82191,-2.63746
2.05643,-3.26333
3.0172,-2.6042
3.40268,-2.29864
3.77054,-1.54307
3.49722,-1.44013
3.38641,-1.57127
3.99608,-1.244
3.05501,-1.13373
3.99503,-0.628426
4.60853,-0.511078
4.41553,-0.544156
4.60303,-0.262173
4.53616,-0.671533
4.77579,-0.673381
4.86269,-0.489165
4.59569,-0.33717
4.70915,-0.649162
4.91786,-0.30931
4.95362,-0.444998
-4.74796,-0.370798
-4.73815,-0.403052
-4.59497,-0.392929
-4.53129,-0.601799
-4.36304,-0.632331
-4.3002,-0.108268
-4.31495,-0.53395
-4.3196,-0.778909
-3.88213,-0.961668
-4.1987,-0.577048
-4.11478,-0.765176
-4.221,-0.966758
-3.05908,-1.97106
-3.36888,-0.90168
-2.36448,-2.31128
-3.08503,-2.17546
-2.94184,-1.19077
-1.37754,-2.79531
-1.96379,-2.47896
-3.02708,-2.4917
-1.51804,-3.05323
-0.30104,-0.715054
-1.45292,-3.18996
-0.972155,-3.07733
-0.145857,-1.24002
-0.407736,-2.8656
0.823502,-2.28952
0.189325,-3.84976
0.722353,-3.71
1.22023,-3.73087
1.68203,-2.54022
1.49267,-2.30063
1.3485,-2.08618
1.95937,-3.2966
1.29397,-3.17249
2.25275,-3.14474
2.1014,-2.96881
2.6079,-2.42544
2.86953,-2.40704
3.9848,-1.57109
3.80459,-1.38056
4.29432,-0.804509
3.88298,-1.23038
4.46284,-0.463106
3.98435,-0.932802
4.36434,-0.621735
4.62301,-0.769842
4.7127,-0.495024
4.67456,-0.780232
4.90482,-0.368427
4.81901,-0.207331
4.75425,-0.238068
4.90174,-0.246037
4.97667,-0.390509
-4.7606,-0.329272
-4.62643,-0.258903
-4.67998,-0.342915
-4.57212,-0.465308
-4.65598,-0.418601
-4.33753,-0.454493
-4.32607,-0.33286
-4.38258,-0.563471
-4.4834,-0.00615407
-3.97151,-0.905538
-3.54823,-0.501944
-3.62719,-0.294207
-3.16312,-0.749671
-3.53522,-1.65317
-2.38009,-1.98194
-2.78712,-2.17524
-2.49739,-2.64756
-3.28909,-2.12458
-3.3183,-1.40487
-1.16261,-2.64526
-1.87876,-2.97177
-1.12913,-2.41738
-1.65427,-3.14185
-0.828182,-3.12354
0.0974664,-2.166
-0.117925,-3.3281
0.846998,-3.54536
0.382005,-1.38828
0.8206,-3.42893
1.12021,-3.53418
1.11719,-3.3963
1.44901,-2.68096
1.54506,-1.3409
1.63301,-1.10818
2.21008,-2.4444
2.16654,-1.83666
2.10836,-3.10524
2.24809,-2.86589
3.37767,-2.13945
3.26999,-1.74421
3.49501,-1.7021
3.70529,-1.675
4.51699,-0.297159
3.82826,-1.03744
4.48189,-0.211399
4.65894,-0.439115
4.73217,-0.583692
4.82957,-0.550515
4.11648,-0.959209
4.88699,-0.428465
4.73712,-0.366707
4.8386,-0.328067
4.99928,-0.337079
4.98743,-0.286894
-4.78557,-0.247229
-4.77339,-0.287257
-4.25361,-0.312199
-4.56916,-0.185061
-4.26085,-0.402254
-4.14184,-0.310197
-4.48254,-0.511336
-4.64448,-0.191988
-4.2584,-0.692238
-2.78205,-1.65471
-4.03954,-0.65363
-3.83099,-1.07875
-3.98638,-1.23128
-3.94379,-1.30304
-2.17936,-2.42136
-2.04408,-2.64642
-2.87783,-1.44021
-3.27419,-1.86387
-1.6818,-0.916159
-1.05097,-2.15709
-1.47182,-0.988725
-0.972379,-1.90752
-0.144818,0.569022
-0.723682,-2.04417
-1.32043,-2.07473
-0.156947,-3.44893
0.479857,0.320557
-0.0269832,-1.60609
0.705368,-3.58997
0.590228,-3.62193
1.18038,-2.75679
0.909695,-0.707396
2.42814,-2.89588
1.70094,-3.20635
1.92704,-2.87792
1.98461,-1.65123
2.75361,-2.29539
2.33865,-1.62829
2.55809,-2.1642
3.15516,0.214355
2.93402,-1.77078
4.15512,-0.333485
4.21656,-0.673603
4.56582,-0.191943
4.32502,-0.71526
4.6358,-0.620697
4.79535,-0.149415
4.5898,-0.422634
4.76436,-0.523609
4.80744,-0.455153
4.72525,-0.173503
4.88414,-0.181881
4.97304,-0.23137
-4.79732,-0.20864
-4.80772,-0.174465
-4.39375,-0.283621
-4.61285,-0.326593
-4.53709,-0.312121
-4.45589,-0.583191
-4.52833,-0.379691
-4.27493,-0.609575
-3.67197,-0.765781
-2.27874,-0.93859
-3.54172,-1.02551
-4.01483,-1.14545
-4.03893,-0.948373
-2.05105,-0.884344
-3.68387,-1.3534
-1.51625,-1.74488
-2.43569,-2.79656
-1.90092,-2.23374
-1.7123,-2.70362
-1.44155,-2.56421
-1.41417,-3.08133
-0.891179,-3.2217
-0.246247,-2.3631
0.267246,-2.51591
-0.0914645,-1.85694
0.440244,-2.87249
-0.0944982,-2.69757
1.3087,-1.56571
0.817564,-2.55594
1.20701,-1.90218
1.88649,-0.269817
2.30948,-2.98629
1.7284,-2.14065
2.56154,-2.83245
1.78868,-2.98072
2.37849,-2.76936
2.31768,-1.24822
2.71561,-1.95005
3.08007,-1.60831
2.90847,-1.39481
3.77193,-1.2009
4.20906,-1.01099
4.03338,-0.0536509
3.29678,-1.23612
4.13879,-0.524713
4.40287,-0.268231
4.28268,-0.34848
4.68656,-0.264086
4.54797,-0.106045
4.76643,-0.0210356
4.83683,-0.268975
4.63415,-0.100814
4.95744,-0.171194
-4.82906,-0.104339
-4.81926,-0.13654
-4.7191,-0.00175757
-4.51624,-0.094813
-4.48305,-0.253196
-4.6652,-0.137554
-4.20853,-0.0664267
-3.93001,-0.518892
-4.45711,-0.336774
-4.16785,-0.420779
-3.65862,-1.14129
-2.05081,-1.89863
-3.27394,-1.13187
-2.18352,-2.15559
-2.72963,-1.12602
-2.52945,-2.18949
-2.9483,-2.07606
-0.387373,-0.922823
-1.84064,-2.8576
-0.931668,-2.73689
-1.37373,-0.782762
-1.4054,-2.94824
-0.184041,-2.93071
-0.859493,-2.52193
-0.912947,-2.92317
-0.350586,-1.79407
0.158982,-2.7706
-0.486718,-3.04115
1.43387,-0.901288
1.07312,-0.0386189
2.14263,-0.100284
1.12501,-1.35028
0.454879,-1.78791
1.75282,-1.8123
2.00681,-2.58899
2.47494,-2.54899
3.05907,-2.35005
2.39236,-2.32662
2.73315,-1.6015
3.94807,-1.65029
3.59545,-1.59929
4.08409,-1.05831
2.5655,-0.821948
4.41328,0.0453388
3.6523,-0.270347
3.82024,-0.607136
4.69368,-0.0253909
4.4481,0.243612
4.46297,-0.136203
4.67039,-0.351703
4.32527,-0.0714625
4.26123,0.156192
4.86799,-0.121555
4.94122,-0.108654
-4.84068,-0.0661696
-4.80405,0.309381
-4.73387,-0.155689
-4.69752,-0.274836
-4.71736,-0.216848
-4.24025,0.0349068
-4.58496,-0.1172
-3.48169,-0.716551
-3.77655,-0.901575
-4.01884,-0.151215
-2.49185,-1.0303
-3.28728,-0.52703
-4.00784,-0.750149
-4.32828,0.34301
-2.55204,-1.80947
-2.21101,-1.38448
-1.53411,-2.73091
-2.20487,-0.375811
-1.23256,-1.82877
-1.25137,-2.98715
-0.75101,-0.212718
-0.640974,-2.82557
-1.25101,-0.308718
0.0909754,-1.31827
-0.512562,-1.41096
0.788701,-0.118098
-0.0407216,-0.752102
-0.732512,-2.97329
0.465991,-3.37998
1.26418,-2.96774
0.79737,-1.29202
0.625714,-1.09124
1.6174,-0.701978
0.851153,-0.968081
1.87905,-2.37301
2.29564,-2.63203
2.98769,-2.02473
3.1145,-1.90772
2.52564,-1.79688
4.03579,-1.14997
3.68584,-1.47924
3.06932,-0.394399
3.93811,-1.08015
3.46825,-0.760323
4.63918,0.168776
4.30609,0.0408632
4.17081,0.0499232
4.48744,-0.574839
4.76864,-0.303172
4.36591,-0.169314
4.78527,-0.0847862
4.82589,-0.386035
4.65639,-0.549374
4.92716,-0.0543995
-4.86205,0.00406808
-4.8717,0.0357626
-4.8513,-0.0312841
-4.50342,-0.183941
-4.68504,-0.0650889
-4.55953,-0.250771
-4.61919,-0.0483096
-4.62116,0.283508
-4.37989,-0.391533
-2.96571,-1.79576
-4.15683,-0.193228
-2.84431,-0.688362
-4.24551,-0.496206
-2.45563,-1.56715
-2.25085,-0.660004
-2.01551,-1.55874
-1.29122,0.968957
-1.62159,-2.28765
-1.56573,-2.9065
-2.09674,-2.78951
-1.83052,1.17189
-0.17601,-0.245876
-0.774025,-0.856432
-0.510116,-2.33145
-0.606467,-2.59992
-0.0518922,-3.17998
1.72067,-0.243467
0.41454,-1.13299
0.529416,1.12172
1.00651,-3.65272
0.212396,-1.01907
0.588166,-2.30745
1.29544,-2.45273
1.54897,-1.92693
2.20336,-1.40983
2.0955,-2.21115
2.85625,-2.12198
2.63165,0.302856
2.28309,0.537117
3.15718,-0.921344
2.41672,-0.010775
4.26497,-0.215281
3.81726,-0.366463
3.8311,-0.893208
4.74137,-0.439591
4.65077,-0.18271
4.52775,-0.0256248
4.49525,-0.381985
4.85113,-0.0558918
4.70944,-0.0942605
4.83616,0.00692682
4.91447,-0.00548112
4.90335,0.0374095
-4.88199,0.0695695
-4.89032,0.0969391
-4.38972,-0.0844156
-4.823,0.172632
-4.75378,-0.091032
-4.57776,0.0538337
-4.4283,-0.195348
-4.11723,-0.560929
-4.02149,0.300905
-3.03656,-0.954242
-4.37186,-0.176991
-4.15883,-0.677253
-2.6501,-1.38796
-3.78205,0.334338
-2.79497,-0.200535
-2.68186,-2.04244
-0.777056,0.56363
-0.746538,-1.13672
-1.90195,-1.32497
-0.62506,0.231968
-1.38746,-2.3522
-1.28471,0.702267
-0.650166,-1.83208
-0.829217,-0.0249251
-0.447845,0.431516
-1.05154,-2.90135
0.330698,-2.25653
0.340882,0.57211
1.56192,0.781788
0.405034,-0.0170038
1.30096,-0.249283
1.86387,-3.09088
1.4092,1.72575
0.554086,-0.24562
1.07835,0.75472
0.830726,-0.521706
2.39401,-0.254282
2.74712,-2.51848
1.89738,-0.872686
4.04132,-0.813362
2.93398,-0.731341
3.65445,-1.3086
3.71913,0.253669
4.09455,0.293122
4.03475,-0.318411
4.33231,0.311829
4.24545,-0.457824
4.70464,0.219792
4.32097,0.397581
4.65632,0.107169
4.67803,0.0421248
4.75444,0.0442908
4.89251,0.0792232
4.88257,0.117598
-4.90132,0.133089
-4.90512,0.374539
-4.74543,0.430736
-4.65149,0.0165627
-4.80811,0.102013
-4.50502,0.16185
-4.41217,0.0161277
-4.57437,0.517351
-3.94606,0.0219402
-4.65214,0.525667
-4.23775,-0.199616
-4.50308,0.493376
-3.001,-0.523435
-3.42566,-0.0196881
-2.48173,-0.114096
-1.73272,-0.357675
-1.81217,-1.70023
-1.33203,-1.21284
-2.50078,-0.709825
-1.72691,-2.51696
-1.57547,-0.573434
-0.990366,0.477615
-1.41925,-1.49776
-1.01076,-0.450926
0.0396251,0.0927246
-0.436724,-2.04166
0.538063,0.7504
0.199291,-1.92095
0.968114,-1.99186
0.660178,-3.46779
1.62422,-1.54985
2.09177,0.168746
0.842382,1.98572
1.00385,-1.12237
1.65224,2.2872
1.21528,-0.681552
1.96738,1.29663
2.34344,-2.03821
2.6983,-0.583621
2.26093,-0.787736
1.2093,0.903247
1.7591,-0.544626
4.28112,-0.575626
4.23401,0.247937
4.50922,0.343083
4.38234,0.135128
4.59532,0.0435
4.80017,0.136673
4.47139,0.160232
4.61423,-0.0265738
4.76708,0.258579
4.6057,0.295823
4.81875,0.0723171
4.87108,0.161885
-4.92078,0.197035
-4.90815,0.155522
-4.5183,0.315083
-4.83821,0.233674
-4.44605,-0.0945838
-2.5972,1.08033
-4.42301,0.375485
-4.4208,0.826676
-4.27349,0.699776
-4.06802,-0.427821
-4.31922,0.469028
-4.23989,0.582606
-4.41284,0.225997
-4.44465,-0.40748
-2.70465,-0.476135
-2.22362,-1.73779
-2.19234,-0.160465
-1.04745,-0.138839
-0.809697,-1.39642
-1.82208,0.150627
-0.199565,1.59727
-0.680577,-0.653459
-0.0754133,-1.00024
0.758089,2.93413
-0.245093,-0.425783
0.78979,-1.74319
1.35131,-0.5396
0.0768212,0.45082
1.07114,-2.52005
0.512631,-3.15507
0.716857,-1.98936
1.10102,0.540078
1.50067,0.435379
1.36148,1.11313
1.32984,-1.20535
1.94628,-1.19427
2.61912,-0.280026
1.96405,-2.01474
1.08895,0.240996
3.34494,1.43179
2.4435,-1.01139
3.90589,0.283099
2.88635,0.412549
3.92242,-0.765515
4.35554,0.216461
4.49717,0.415062
4.19769,-0.0596006
4.47728,0.47797
4.71899,0.160903
4.5017,0.0689263
4.68546,0.27867
4.73525,0.10377
4.75314,0.317732
4.85893,0.208769
-4.94491,0.276321
-4.93119,0.231239
-4.77763,-0.0270142
-4.7567,0.183843
-4.31924,0.0257449
-4.67312,0.446949
-4.75089,0.261352
-4.49817,0.0812759
-4.55307,-0.0205151
-3.79063,-0.465045
-4.1288,0.171537
-2.41351,-1.25265
-4.08197,-0.0255096
-1.6178,-0.0615365
-3.1021,1.85663
-2.36271,0.353154
-1.68608,-1.47042
-1.61173,-1.21795
-1.1391,-1.57421
-2.12203,1.15142
-1.59179,-2.00428
-1.05787,-0.691494
-1.07885,-1.27918
0.0206554,1.73934
0.099925,1.14198
-0.20068,0.0305757
-0.00322932,-2.4476
0.803111,1.6468
0.285249,-0.246589
0.632411,-3.32383
0.295969,-0.552546
0.678511,0.0983806
0.622213,0.48646
1.86629,-1.42859
2.13336,-0.454559
1.95527,0.694446
2.00355,-0.662121
2.16418,0.832459
2.12205,-1.00309
3.56161,-0.511137
4.26313,0.968074
3.99742,-0.474407
4.4228,-0.0492523
3.35878,-0.366824
3.40904,-0.984338
3.96902,0.125195
3.87359,-0.109295
4.57669,0.114196
4.11772,0.163288
4.59216,0.362098
4.78398,0.199191
4.84749,0.252889
4.83689,0.293779
-4.96915,0.355943
-4.9587,0.321633
-4.7136,0.580984
-4.86698,0.512563
-4.75025,0.36277
-4.79266,0.0412011
-4.81729,0.510601
-4.26417,0.151379
-4.61153,0.604462
-4.59891,0.12397
-3.73007,-0.61499
-4.03705,0.83479
-0.564183,-0.38133
-4.60865,0.204601
-2.29323,0.0937273
-3.26156,-1.55956
-1.9814,0.701096
-3.75158,1.82722
-1.35369,1.49951
-1.82423,0.927077
-2.56384,2.16489
-0.209108,0.296497
-0.79249,0.825822
-0.878506,-1.67032
-0.457429,0.00809885
-0.506513,1.01317
0.349732,1.29325
0.656067,2.17965
0.256681,0.215326
0.695129,0.935602
1.11639,2.39121
1.11087,3.70791
1.64105,1.57498
1.79951,-2.73793
1.98519,1.62109
2.6975,-1.20487
2.4008,-0.540368
1.81923,0.101118
2.52364,-1.40405
4.34949,-0.47744
2.35356,0.945569
3.59805,0.90345
4.07072,0.847787
3.64116,0.0426714
4.15885,-0.188674
2.88704,0.119902
3.40411,0.242883
4.42601,0.333985
4.62814,0.524161
4.64363,0.461295
4.67398,0.340932
4.55084,0.181828
4.81533,0.376951
4.82579,0.336583
-4.98013,0.392014
-4.76346,0.637274
-4.67233,0.208414
-4.84681,0.360421
-4.87071,0.286397
-4.22478,0.433809
-4.36178,0.729115
-4.30602,0.239138
-4.30857,1.05676
-4.43758,0.303315
-4.18447,0.31451
-3.06635,-0.301676
-3.76033,0.99083
-1.43288,0.128772
-2.64255,1.33486
-2.69456,0.92805
-1.86107,-1.06639
-1.4389,-0.289694
-1.53005,0.635039
-1.56475,0.918151
-1.00258,1.34598
-0.807488,2.14345
-0.55723,0.648294
-2.12712,-1.18227
-0.369899,0.794914
0.737671,1.27068
0.976365,1.40547
0.271187,0.912058
-0.458118,-1.15269
1.46637,-0.370897
0.966737,-0.294764
1.11115,3.43851
0.085368,-0.178867
2.12997,2.8877
2.03329,1.0859
1.58752,1.12348
0.503943,-0.838976
2.43275,1.3054
2.25463,1.19801
2.74211,0.904422
3.85262,1.18246
2.52383,0.749023
3.22951,-0.668589
2.94286,-0.121039
4.25107,0.684807
3.19447,-0.0755622
4.16349,0.554413
4.6215,0.227521
4.65973,0.399697
4.705,0.501924
4.55197,0.507711
4.72166,0.441237
4.73822,0.38028
4.80426,0.419644
-4.99938,0.458716
-4.98176,0.498772
-4.68073,0.359555
-4.85503,0.433047
-4.21582,0.822001
-4.69116,0.276934
-4.07184,0.950082
-4.87385,0.573873
-4.79465,0.434592
-4.68849,0.806132
-4.38453,0.893916
-4.23403,1.00051
-3.86513,-0.148027
-4.58742,0.439664
-3.01533,0.810126
-2.74658,-0.889326
-3.3637,-0.291316
-1.76369,0.618956
-1.53025,1.18778
-1.17613,0.111982
-2.68099,2.53742
-1.00713,0.737536
-1.26211,1.22637
-1.51439,1.88956
-0.567278,-1.64508
-0.836619,1.09934
0.246354,-0.778687
-0.123429,2.91237
1.52049,3.48967
0.495958,2.38804
1.07987,-1.69987
0.795247,2.4869
1.1959,-1.00632
0.548984,-2.59363
0.996148,1.78089
1.65707,3.31137
2.32257,0.235426
1.65272,2.86642
2.40824,2.00484
4.157,1.28705
2.83953,1.29368
2.87572,0.675063
2.60681,1.8108
2.84303,-0.377724
3.44043,-0.0412662
4.03289,0.524601
4.13127,0.660294
4.29591,0.483247
4.5113,0.646263
4.53901,0.264715
4.45279,0.549923
4.57559,0.431146
4.69047,0.564275
4.78371,0.498913
4.7936,0.460762
-4.96393,0.539304
-4.66694,0.0755049
-4.94015,0.593347
-4.67857,0.139975
-4.12612,0.549734
-4.91707,0.464697
-3.74562,0.107614
-4.00656,-0.2627
-4.62729,0.763268
-2.51812,-0.414906
-4.39739,0.119658
-3.96068,0.170439
-1.88194,-0.711666
-3.8348,0.523817
-1.77248,0.362928
-2.06174,0.898393
-2.49702,1.77852
-1.28497,1.79118
-0.515131,-0.595409
-2.95946,2.45358
-1.94325,2.26174
-0.423697,1.42614
-0.368207,1.80722
-0.119618,0.952292
-1.17266,-0.962246
0.905323,2.31599
0.0391388,-0.485062
0.0373806,0.721537
0.609875,3.08438
0.817623,0.62338
1.24948,0.13275
0.478919,-2.04414
0.577686,-1.54446
0.929934,1.07673
1.77217,0.977884
1.48063,0.166554
2.17911,2.60037
2.0353,2.35565
1.99382,1.9856
2.66386,0.0186252
3.53478,1.75111
1.81952,0.375154
2.96404,1.06898
4.19566,0.4435
3.43631,0.494097
4.38457,0.513064
4.06534,0.955574
4.34333,0.710589
4.43595,0.639133
4.21855,0.341086
4.65938,0.683157
4.6735,0.624132
4.76274,0.579791
4.77287,0.540695
-4.92185,0.634922
-4.99065,0.426595
-2.86278,0.0319932
-4.3003,0.841856
-4.79497,0.570219
-4.52219,0.225053
-2.53477,0.438591
-4.41099,0.546432
-4.4279,0.655965
-4.59984,0.827823
-4.71229,0.750818
-2.57195,0.0977959
-3.3688,0.703484
-3.55397,0.466314
-3.0685,0.476882
-2.07892,0.175954
-3.55328,2.27159
-3.40398,1.34307
-2.06358,1.68678
-2.46383,2.14101
-1.66366,1.68262
-2.27145,2.22734
-0.900876,0.213287
-0.641769,1.23917
-0.058019,1.38274
-0.35367,2.49105
0.3785,1.67103
0.176652,1.48876
1.41817,3.17255
1.29701,3.53292
1.0603,2.11293
1.20676,3.69517
1.12658,1.18554
1.02559,3.60711
1.77784,1.77353
1.7,1.36981
1.97723,3.0587
2.56673,3.03532
2.21411,3.04713
2.38985,1.62711
2.55242,2.21901
2.88951,1.89123
2.59082,0.544171
3.95071,1.25374
3.6891,0.471512
3.09337,0.80368
3.64706,0.687276
3.88644,0.450271
4.4855,0.762451
4.41845,0.728696
4.61099,0.585499
4.40911,0.425611
4.57894,0.70461
4.75133,0.623787
-4.90434,0.674734
-4.62503,0.363798
-4.75084,0.519101
-4.50705,0.66486
-4.84152,0.623217
-4.58432,0.679998
-4.74742,0.110241
-4.51204,0.422599
-4.15551,0.739824
-4.45317,0.757
-4.52705,0.589914
-3.78518,1.2551
-3.68024,0.737018
-1.23092,0.440706
-1.23247,-0.563698
-2.17409,0.499312
-2.91699,1.07151
-3.1947,2.70258
-3.16123,1.68843
-1.62913,1.44684
-0.564782,2.03066
-0.803228,1.46331
-0.932026,1.71402
-0.49771,2.6259
-0.290191,1.19887
-0.370617,2.72708
0.562701,1.47307
-0.10705,2.36615
0.0426755,2.12266
1.33769,2.12478
0.90511,2.75473
1.19322,2.94703
1.23929,3.20504
1.41023,1.43106
1.41024,3.52454
1.16335,1.55167
2.1961,1.80951
2.30215,2.81598
3.17479,2.38096
3.49039,1.54487
3.74855,1.07734
3.79453,0.918879
2.97543,1.67466
3.32215,0.938677
3.81769,0.759639
4.00946,0.662402
3.96459,0.799013
4.50131,0.706507
4.36267,0.609783
4.27258,0.583945
4.62536,0.801359
4.59308,0.646091
4.73882,0.672045
-4.88743,0.713163
-4.87036,0.751948
-4.76642,0.805306
-4.81519,0.68049
-4.56662,0.889108
-4.61586,0.967965
-4.3553,0.603051
-1.51483,0.362208
-4.52151,0.815429
-4.35628,0.983629
-3.67936,-0.0914567
-4.15255,0.96301
-1.86875,-0.108769
-1.89881,-0.414556
-0.959291,-1.04195
-3.55008,1.58052
-3.45087,2.57895
-2.77585,2.33322
-1.46584,1.70959
-2.27534,1.76078
-1.13182,1.5904
-1.95512,2.15614
-0.493977,2.37462
-0.340967,2.1863
-0.799621,2.57399
-0.149509,1.96791
0.101512,2.52903
0.0517494,2.82278
0.262365,2.27061
1.03818,3.26248
0.7036,3.49886
0.912218,3.58494
1.91405,2.77382
2.2378,3.25374
1.81259,2.11576
1.58976,0.0259482
1.85595,2.49472
2.71181,2.66601
2.02774,0.439028
3.24098,2.28115
4.15865,1.04717
4.08815,1.22808
3.41728,0.709422
4.26519,1.26378
4.04914,1.05453
4.31493,0.79293
4.38685,0.817116
3.86877,0.607305
4.45365,0.889192
4.05208,0.409721
4.37109,0.902195
4.64477,0.743074
4.53356,0.581089
4.72567,0.722773
-4.85226,0.793086
-4.81549,0.876664
-4.64263,0.910691
-4.65994,1.04289
-4.547,0.754889
-4.7384,0.868958
-3.16935,-0.0616331
-4.42474,1.58193
-3.84984,0.759314
-4.37015,1.16232
-4.65305,0.700737
-4.0002,0.651163
-3.87143,1.6762
-3.61811,2.3292
-3.85647,1.79198
-2.68988,2.20143
-2.31733,1.49419
-1.05148,0.999061
-2.60366,2.60895
-2.18212,2.18752
-2.06488,2.17619
-2.5534,2.3074
-0.597492,1.63127
-1.29588,2.18742
0.445356,2.06018
0.21907,1.90512
0.196817,2.89015
0.602574,1.83357
1.42157,2.91152
1.25056,1.9029
0.964503,3.44323
0.568587,-0.571839
2.10565,3.32844
2.3408,3.1671
1.77679,3.43452
2.36773,3.32391
2.56826,2.55407
2.70186,2.40613
3.03284,2.35485
3.5732,1.36702
3.52829,1.09343
4.10936,1.35321
3.19676,1.15665
3.94073,0.95218
4.03303,1.3006
4.34595,0.984428
4.53015,1.18618
4.43651,0.948534
4.46166,0.824788
4.56289,0.766078
4.59692,0.920235
4.70465,0.803827
4.71351,0.769665
-4.83316,0.8365
-4.78318,0.950088
-4.48842,1.06951
-4.79051,0.743395
-4.50923,1.00782
-4.68634,0.98558
-4.67967,0.631626
-4.05349,0.460155
-4.4244,1.02129
-4.5856,1.21922
-2.88851,0.313265
-4.31939,1.45924
-3.89114,0.843915
-2.87874,1.35391
-2.5513,0.691688
-3.08996,0.230662
-2.78742,2.22648
-3.12077,1.40763
-2.22695,2.33996
-2.32471,2.54348
-1.87607,1.65119
-0.861134,2.35339
-1.10569,1.88952
-0.245536,2.83016
-0.0912516,2.71332
0.607862,3.43395
-0.0810461,3.1204
0.316374,2.64728
0.996526,3.72364
0.800967,0.289618
0.708091,3.32849
0.837624,3.79601
1.42956,2.3557
1.44716,3.74396
2.47832,3.11807
1.81292,3.24125
2.37083,2.40007
2.84247,2.29296
3.26449,1.58506
2.98728,2.16467
3.55353,2.1846
3.47058,1.88878
2.62031,1.14374
4.16864,0.958793
4.00984,1.14919
4.29177,0.886837
4.21883,0.776687
4.2475,1.0504
4.11018,0.758985
4.54162,0.827701
4.51582,0.958331
4.685,0.879639
4.69425,0.843943
-4.79887,0.914425
-4.76818,0.984192
-4.73077,0.696408
-4.53821,0.948265
-4.71624,0.929553
-4.49873,1.2457
-4.18976,1.08978
-4.1967,1.18509
-4.28779,1.13175
-3.96897,1.40566
-4.01971,1.31398
-3.69725,1.6619
-3.98008,1.01178
-3.29582,1.79446
-2.13874,1.38298
-3.16359,2.05688
-3.16981,2.44
-3.71202,1.94409
-2.15703,1.91766
-2.36613,2.25552
-1.83927,2.24199
-3.10647,2.58388
-0.98835,2.43908
-0.964852,2.26024
-0.661657,2.26442
-0.0222679,3.29922
0.499798,2.8131
0.656299,2.64203
1.20571,2.64708
1.43044,2.61862
1.30943,3.6653
0.887854,3.70547
1.68452,2.59538
1.63994,3.5866
2.36754,3.44976
1.45468,3.36826
2.51959,2.87011
2.18156,1.44959
3.12012,2.77266
3.10207,1.39414
2.76708,2.0763
3.66186,1.77338
3.95098,1.65234
4.18163,1.39972
3.6011,1.62611
3.97705,1.39168
4.32721,1.06531
4.41999,1.01175
4.40626,1.08241
4.56245,1.04826
4.18885,0.864416
4.61021,0.860587
4.66459,0.958371
4.67455,0.919927
-4.75269,1.01939
-4.71983,1.09407
-4.58428,1.02367
-4.44279,1.19174
-4.07102,1.08418
-4.48596,0.881366
-4.66861,0.85694
-4.63498,1.09782
-4.44991,0.947416
-4.32164,1.29789
-4.16721,1.27666
-3.65956,1.37391
-4.09749,1.81124
-2.66238,2.3339
-3.77569,2.27338
-2.77525,2.54112
-2.30824,0.791767
-2.62042,1.88927
-2.00937,1.86937
-2.09581,2.04048
-0.945918,2.01246
-0.751427,1.86473
-1.17145,2.44055
-0.695703,2.64747
-1.40471,2.39998
0.401252,2.9958
0.293237,3.13954
0.445711,3.47155
0.775989,3.67369
0.574401,3.25598
1.09753,3.88521
1.00133,3.89635
2.12743,3.19729
1.8829,3.71158
2.67094,3.34291
2.54041,3.51241
2.65768,2.93453
2.9685,2.80121
3.46598,2.13862
3.31318,2.1831
2.79015,1.55429
4.06202,1.61504
4.33699,1.4378
3.15084,0.537646
4.362,1.22739
4.1957,1.2134
4.29597,1.36573
4.28792,1.19949
4.44992,1.21001
4.22998,1.13548
4.58088,0.984958
4.64606,1.02983
4.65508,0.995054
-4.73597,1.05738
-4.28026,0.932683
-4.56447,1.0763
-4.61052,1.15594
-4.41579,1.25734
-4.39469,1.08879
-3.87017,1.34625
-4.38837,1.32449
-2.38867,1.09749
-3.52516,0.899981
-3.64363,2.018
-3.35645,1.56382
-3.94773,1.72414
-3.44151,1.73517
-3.48501,2.00027
-3.58886,2.17438
-2.66487,2.77114
-2.12676,2.35986
-1.93576,2.35014
-1.36118,1.96072
-1.84015,1.85617
-1.6055,2.02887
-0.600192,2.88754
0.146297,3.06555
-0.847458,2.68582
-0.445727,3.0083
0.32124,3.4301
0.822166,3.20847
0.550459,3.54711
1.10753,3.79831
1.15407,3.57362
1.68,0.577666
1.87886,3.36585
1.76504,3.66504
2.25115,3.40948
2.54396,3.19907
2.43238,2.691
2.93385,2.6681
2.20707,2.17743
3.12189,2.48528
3.40337,1.68547
3.80836,1.71535
3.41767,1.26169
3.77726,1.28854
3.87828,1.34888
3.90796,1.07416
4.40157,1.32708
4.46416,1.15298
4.47794,1.09435
4.49418,1.02505
4.63668,1.06602
4.62971,1.09289
-4.70228,1.13395
-4.67092,1.20524
-4.54045,1.13156
-4.56099,1.27983
-4.17805,1.59861
-4.474,1.30561
-4.53719,1.33469
-4.29582,1.3602
-4.23516,1.32236
-4.22093,1.51271
-4.35631,1.39991
-3.85184,1.09522
-2.79223,0.569345
-3.54383,1.80874
-2.90267,2.36255
-2.58408,2.02791
-2.31567,1.95826
-2.51519,2.39823
-1.74021,2.2383
-2.14448,2.27795
-1.57782,2.58087
-1.22946,2.04861
-1.3963,2.11428
-0.398548,2.88905
-0.895056,2.50979
-0.305565,2.96086
0.229056,3.50409
0.0818142,3.33342
0.824598,3.40434
0.925903,3.95886
1.27031,3.38706
1.80706,3.06476
1.58724,3.12891
2.38538,2.99353
2.64765,3.12055
3.06468,2.84336
2.45787,3.38955
2.74846,2.84337
3.35858,2.48053
3.35218,2.07687
3.75963,1.58046
3.09167,1.94256
2.57883,1.47089
3.67266,1.19897
3.93883,1.4738
4.52795,0.889016
4.38922,1.15815
4.42721,1.26486
4.33168,1.30113
4.50984,1.25085
4.61991,1.1307
4.61064,1.16645
-4.68446,1.17444
-4.65263,1.24679
-4.34257,1.23371
-4.481,1.46125
-4.51007,1.39817
-3.7955,1.56818
-4.27304,1.22369
-3.52951,0.231883
-3.92352,1.83408
-4.11108,1.36225
-3.99713,1.64001
-3.56496,1.93413
-3.86944,2.17179
-3.41117,1.89518
-3.60159,1.22935
-3.30399,2.01426
-3.50359,2.13036
-2.75842,2.68256
-2.11193,2.42825
-2.02628,2.35564
-1.43587,2.2366
-1.64893,2.24934
-0.749194,2.4362
-0.873129,2.92264
-1.03057,2.68049
0.451778,3.19456
0.248587,3.27461
0.798546,3.56485
-0.200385,3.40956
0.672985,3.917
0.388015,3.63266
0.783175,3.87602
1.42009,3.64411
1.57807,3.79967
2.29766,3.61202
2.74191,3.01679
2.40606,3.22882
2.83034,2.56541
3.26242,2.63317
3.19782,1.7716
3.15271,2.17932
3.70918,1.90052
4.16696,1.58787
4.03164,1.5006
4.14744,1.4711
4.26167,1.42215
4.39513,1.48346
4.30597,1.49354
4.31316,1.1363
4.13496,1.13404
4.5451,1.12016
4.5887,1.25106
4.60001,1.20745
-4.63338,1.29054
-4.46768,1.13
-4.45308,1.5189
-4.40035,1.63569
-4.0675,1.45441
-4.42234,1.42802
-4.07321,1.65381
-4.2516,1.4266
-4.15368,1.48436
-4.24313,1.63262
-3.66994,1.17061
-3.63196,2.21979
-3.61899,1.75742
-3.22939,2.6086
-1.88887,1.41032
-2.98549,2.76407
-2.63496,1.57781
-2.46544,2.64108
-1.7665,2.32734
-1.67772,1.85778
-1.84812,2.01507
-0.61967,2.52202
-0.586671,2.74143
-0.743985,2.89937
-0.673238,2.96038
0.959085,3.03481
0.370916,3.32182
0.65025,3.61547
0.193698,3.37201
1.49264,3.82706
1.25714,3.89141
1.56293,1.94346
2.30365,3.5268
2.57395,3.36893
2.38697,3.52148
2.83659,2.76583
3.31217,2.70465
2.61993,2.7587
3.01996,2.55799
3.66672,1.98945
3.71715,2.07937
3.83635,1.45767
4.13181,1.64873
3.71139,1.40232
3.8573,1.63183
4.02934,1.69123
4.18012,1.71853
4.06768,1.42527
4.4291,1.42379
4.46097,1.36094
4.36902,1.38432
4.57765,1.29371
-4.61335,1.33606
-4.59419,1.3796
-4.29247,1.52412
-4.4468,1.36517
-4.32208,1.8125
-4.51835,1.1889
-3.93279,1.49906
-4.01592,1.16079
-3.81357,1.43556
-3.92868,1.23565
-4.12724,1.74279
-3.37258,0.356604
-3.84533,2.08699
-2.87141,2.46199
-2.76067,2.08299
-2.95674,2.54036
-3.11707,2.82411
-2.75778,2.4415
-2.67926,2.62572
-1.67531,2.33595
-1.48621,2.55049
-0.944011,2.86893
-1.08283,2.15002
-0.522043,2.94645
-0.841897,3.14504
-0.00192841,3.00271
0.490193,3.37097
0.828369,4.00172
0.733841,3.75879
0.100551,3.536
0.574125,3.6866
1.65949,3.69328
1.74176,3.56518
1.81091,3.7449
2.00728,3.35277
2.15126,3.44479
2.80739,3.2329
3.49442,2.47033
3.32795,2.57224
2.93646,2.45406
3.42163,1.98716
3.66271,1.50765
3.20959,2.05605
3.75722,1.81404
3.70941,1.68166
3.91192,1.71781
4.20929,1.65927
4.23958,1.60461
4.22907,1.47643
4.1036,1.54057
4.49108,1.30833
4.53544,1.37836
4.55901,1.33627
-4.57624,1.42042
-4.55902,1.45954
-4.38626,1.49227
-4.08489,1.23819
-4.03074,1.5387
-4.28117,1.74157
-4.35656,1.5603
-3.90112,1.58465
-4.30701,1.67983
-4.01172,2.01951
-3.66096,1.87347
-3.78207,2.00895
-2.90369,1.7618
-3.46595,2.36452
-2.75273,2.6138
-3.28286,2.81094
-2.35379,2.12602
-1.69494,2.50529
-1.85164,2.33529
-1.49974,2.05874
-0.231226,2.60556
-0.798564,2.97232
-1.18536,2.26106
-0.673811,2.82152
-0.193163,3.18232
-0.116933,3.2424
0.412006,3.55142
0.50025,3.62582
0.162866,3.74453
0.4643,3.69643
1.28007,3.78657
1.64268,3.46141
1.39197,3.93843
2.47997,3.47571
3.16388,3.21722
2.90262,2.86939
2.82585,2.94531
3.46366,2.35031
3.39089,2.62781
3.50665,2.26807
3.61562,1.85425
3.86489,1.97676
3.33734,1.851
3.98414,1.58011
3.98746,1.76918
4.19809,1.5306
4.23794,1.76396
4.29689,1.65136
4.22393,1.33227
4.36479,1.53917
4.51203,1.42015
4.49123,1.45729
-4.54011,1.50252
-4.3295,1.62267
-4.18204,1.3991
-4.202,1.91322
-4.14434,1.66884
-4.18418,1.77889
-4.23069,1.86036
-4.00286,1.79233
-3.77694,1.72121
-3.90141,1.91015
-4.04921,1.73577
-3.74226,2.20903
-3.57814,2.39051
-3.63671,2.43044
-3.24227,2.92685
-2.91566,2.70826
-1.84638,2.1374
-2.67612,2.44545
-2.04892,2.27217
-2.09786,2.49582
-1.31935,2.44645
-1.00754,2.92419
-1.30275,2.58566
-0.837933,3.04497
-0.654773,3.09182
-0.191725,3.58688
-0.280141,3.13483
0.313886,3.53699
1.18668,3.99167
1.83632,3.53171
1.5537,3.71266
1.41542,3.8471
1.93814,3.49765
2.0481,3.48451
2.50394,3.30132
2.90967,3.24847
2.85683,3.30158
3.45335,2.68932
3.26426,2.44804
3.60785,2.43052
3.41352,2.23621
4.05489,1.93888
3.75038,2.01004
4.00571,1.8816
3.94956,1.83375
4.11863,1.83486
3.87739,1.78347
4.27329,1.55059
4.2665,1.70632
4.33051,1.5948
4.43773,1.55283
4.46646,1.50152
-4.49755,1.59925
-4.4766,1.64685
-4.51878,1.551
-4.37385,1.69683
-4.22127,1.70228
-4.2758,1.92616
-3.89658,2.02339
-4.15934,1.85107
-4.06569,2.06468
-3.46477,1.05977
-3.3321,2.23562
-3.65598,1.48892
-3.36973,2.53168
-3.40307,2.28481
-2.91961,2.07147
-3.45739,2.89437
-2.59856,2.68579
-2.20769,2.43044
-2.22928,2.08556
-1.86907,2.42241
-1.45093,2.47681
-1.08019,2.35527
-1.01031,2.56998
-1.19236,2.78103
-0.53938,3.18445
-0.489976,2.81696
-0.199446,3.03358
-0.275469,3.36658
0.281857,3.61693
0.407818,3.74715
1.19764,3.81579
1.36171,3.76499
0.851141,3.92277
0.523627,3.76974
2.20717,3.63729
2.61226,3.27201
2.75559,3.14963
3.08858,3.08064
3.00422,2.91337
3.34466,2.78732
3.64091,2.53687
3.03506,2.72394
3.9612,2.11519
3.79009,2.11151
3.75217,2.17892
3.89279,1.55769
3.78396,1.93802
4.10571,1.70871
4.07478,1.76994
4.20412,1.8216
4.38851,1.64072
4.41162,1.59946
-4.4569,1.69164
-4.43855,1.73333
-4.24542,1.97179
-4.29905,1.86812
-4.10901,1.91264
-3.95212,2.07943
-4.05519,1.96428
-4.11048,2.00894
-2.94529,2.251
-4.27006,1.58071
-3.88701,2.27006
-3.96743,2.27457
-3.76087,2.40447
-3.10071,2.65124
-3.02953,2.82763
-2.42626,1.97772
-2.29565,2.45247
-2.5906,2.52393
-1.91972,2.56098
-1.94018,2.50163
-1.60119,2.37471
-1.48138,2.33699
-1.37534,2.52441
-0.956004,3.06264
-0.762119,2.75052
-0.12934,3.45113
-0.242166,3.48575
-0.0809342,3.55084
0.70242,3.84378
0.121008,3.64094
0.186388,3.58378
1.25759,3.98137
1.87596,3.62426
1.92079,3.79957
2.07447,3.58396
2.45418,3.67563
2.51421,3.72417
3.30196,3.05246
3.08195,2.962
3.17715,2.69206
3.52832,2.57169
3.75577,2.33797
3.35526,2.33998
3.6073,2.0948
3.57605,1.94673
3.93813,2.0145
3.90433,1.90461
4.04108,1.82522
4.08249,2.04618
4.17132,1.8813
4.1517,1.77479
4.34748,1.71399
4.36944,1.67479
-4.42101,1.77321
-4.40442,1.81091
-4.34941,1.75232
-4.11132,1.57051
-4.36649,1.89712
-4.00304,1.90027
-3.95305,1.96519
-3.84601,1.96902
-3.97337,2.1718
-3.92505,2.32963
-3.26882,2.10689
-3.78886,2.14534
-3.48798,2.3169
-3.06013,2.77455
-3.83037,-0.314497
-3.50445,2.62002
-2.46403,2.27588
-2.53246,2.66641
-2.48743,2.48001
-1.7391,2.12825
-1.62374,2.15259
-1.72136,1.99996
-1.52476,2.18527
-1.24667,2.5116
-1.0144,2.81063
-1.2957,2.79782
-0.782037,3.09447
-0.250142,3.27746
-0.161849,3.52276
0.0169903,3.49704
0.126021,3.22254
0.899786,4.11535
1.03494,4.12895
1.5362,3.61751
0.9899,3.81403
1.53786,3.90143
2.12097,3.66234
2.57659,3.44791
2.7242,3.40001
2.94698,2.97546
3.25351,2.77004
3.39471,2.73914
3.71664,2.54775
3.58764,2.30894
3.67465,2.15158
3.52663,2.04065
4.02778,1.99482
4.13653,1.93855
3.83152,2.04138
4.10758,1.99208
3.83681,1.85729
3.9702,1.94277
4.29629,1.8054
4.32366,1.75653
-4.38572,1.85341
-4.25098,1.80079
-4.34787,1.93943
-4.20326,2.01223
-3.9136,2.13149
-4.1237,2.10537
-4.1624,2.05967
-4.01393,2.12032
-3.18208,0.883
-3.7245,2.55458
-3.80528,1.89353
-3.57358,2.49032
-3.73133,2.08742
-3.18936,2.97831
-3.07288,2.36798
-2.89234,2.77022
-2.39673,2.54994
-2.83325,2.62597
-2.23582,2.67399
-2.32175,2.35461
-1.94485,2.43069
-1.34442,2.30618
-1.52418,2.4198
-1.25645,2.36514
-1.54868,2.5047
-0.929632,2.62728
-0.896655,3.00695
-0.510245,3.09637
-0.344518,3.22056
-0.599548,3.14187
-0.31541,3.53375
0.239667,3.75042
-0.0529875,3.47881
0.64572,3.7374
1.32386,3.96283
1.3346,3.86793
1.49871,3.99475
1.84831,3.8214
2.25052,3.79986
2.79554,3.45995
2.64285,3.51222
3.19926,3.06406
2.97339,3.07595
3.29551,2.84044
3.65297,2.36162
3.63368,2.22982
3.82929,2.21252
3.85887,2.14693
3.79123,2.27474
3.99633,2.05818
3.9887,2.21335
4.08514,1.88808
4.01943,2.15676
4.05242,2.10372
4.23784,1.90978
4.26612,1.85928
-4.3245,1.98707
-4.16075,1.95828
-4.28647,2.02986
-4.08572,2.14618
-4.01272,2.23122
-4.04877,1.85766
-3.55631,2.07037
-3.84468,2.30984
-4.04785,2.1844
-3.66592,2.49568
-3.67935,2.14366
-3.80399,2.46744
-3.09983,2.21803
-3.25877,2.76079
-2.94012,1.92383
-2.68043,2.69991
-3.20176,1.18138
-2.47888,2.72563
-2.42236,2.38017
-2.08291,2.56914
-1.96943,2.0271
-2.021,2.42923
-1.7285,2.41052
-1.1032,2.62722
-1.23572,2.64697
-1.16363,2.70069
-1.17566,2.57406
-1.13193,2.82646
-0.721875,3.03416
-0.507443,3.30626
-0.589465,3.03241
-0.157656,3.32735
-0.258747,3.56072
0.155296,3.82633
0.618365,3.81806
0.982696,4.05461
1.21066,4.07582
1.76889,3.841
1.66511,3.77831
1.78211,3.92057
2.04612,3.68109
2.74152,3.29087
2.68451,3.2239
3.24668,2.89292
3.02627,3.02282
3.21032,2.5578
3.41864,2.42275
3.76685,2.60393
3.56928,2.5022
3.54944,2.38682
3.72268,2.23561
3.89632,2.08385
3.92465,2.18086
4.18803,1.99873
3.92408,2.34599
4.16278,2.04381
4.21317,1.95384
-4.25032,2.07053
-4.21594,2.1092
-4.18486,2.14417
-3.73351,2.32698
-4.08396,2.25768
-3.82801,2.22142
-3.87741,2.37182
-3.83774,2.41866
-3.54208,2.65795
-3.71953,2.44337
-3.758,2.50704
-3.49583,2.43787
-3.41479,2.74322
-3.41769,2.12255
-2.60179,2.42603
-3.19944,2.84681
-2.53431,2.58496
-2.74509,2.75093
-2.47545,2.55458
-2.29669,2.68483
-2.05912,2.63753
-1.99035,2.62283
-1.86017,2.49543
-1.60242,2.46517
-1.47148,2.66771
-1.42625,2.59587
-1.36088,2.64534
-1.35723,2.75207
-1.09329,2.5087
-0.951448,2.96538
-0.725809,3.13837
-0.365223,3.06915
-0.389463,3.39834
-0.316209,3.44677
-0.0720351,3.38139
-0.282415,3.63036
1.00527,3.98511
0.815095,4.15544
1.73954,3.76148
0.905001,3.85235
2.38313,3.69893
1.96825,3.60467
2.37298,3.62921
2.45197,3.59252
3.25984,3.2016
3.1553,3.11751
3.34887,2.90155
3.13339,2.89714
3.51049,2.74209
3.44692,2.54856
3.75035,2.49327
3.68882,2.29886
3.67771,2.46873
3.894,2.24424
3.85313,2.45811
4.07051,2.20859
3.95165,2.27792
4.13413,2.09498
-4.15207,2.18106
-4.11708,2.22042
-3.68279,2.26985
-4.017,2.33301
-3.92987,2.21893
-3.79519,2.35256
-3.87189,2.49626
-3.68147,2.38641
-3.45133,2.67463
-3.68712,2.60959
-3.56209,2.74754
-3.20921,2.78293
-3.39548,2.42908
-3.45042,2.48821
-3.18975,2.91435
-2.72503,2.87106
-2.39685,2.46559
-2.39114,2.62589
-2.19457,2.73995
-2.17619,2.66532
-2.0029,2.55861
-2.01891,2.49884
-1.72295,2.59458
-1.5606,2.28995
-1.77375,2.55793
-1.63154,2.54292
-1.66183,2.42962
-1.52535,2.62478
-1.5507,2.79094
-1.08896,2.7569
-0.959622,2.73465
-1.01078,3.01852
-1.05979,3.07465
-0.620077,3.2281
-0.429572,3.14891
-0.431068,3.4657
0.0428714,3.41643
0.181513,3.6717
0.636689,3.98679
1.05342,4.06517
1.27952,4.05868
1.4649,3.9205
2.14362,3.75
1.96447,3.69602
2.22751,3.72522
2.82139,3.09205
2.79742,3.56367
2.52492,3.62824
3.02502,3.14255
3.10567,2.62977
3.49899,2.63556
3.45553,2.78989
3.56152,2.67616
3.7862,2.43432
3.68709,2.59857
3.82143,2.37003
3.86027,2.30863
3.71605,2.40362
4.04477,2.25455
4.09891,2.15786
-4.05021,2.29565
-3.98266,2.37164
-3.48983,2.22236
-3.80287,2.5739
-3.65181,2.57186
-3.63746,2.65335
-3.1134,2.47321
-3.59292,2.68995
-3.25188,2.41012
-3.61289,2.52707
-3.19369,2.29233
-3.15281,3.03292
-3.31624,2.85899
-3.12511,2.95457
-3.05874,2.93988
-2.87233,2.83505
-2.54139,2.8161
-2.41849,2.7112
-2.31167,2.61335
-2.17568,2.51029
-2.15696,2.58374
-1.90016,2.67826
-1.84018,2.56167
-1.83517,2.6718
-1.9141,2.6138
-1.79698,2.41146
-1.60425,2.74933
-1.34203,2.85859
-1.29804,2.69661
-1.45163,2.77485
-1.23555,2.84514
-1.24407,2.73908
-1.06464,2.87423
-0.898224,3.10301
-0.783679,3.1901
-1.00026,3.1206
-0.669549,3.28756
-0.341646,3.33071
0.0791584,3.70897
0.75205,3.95387
0.781539,4.05884
0.638748,4.06453
0.747188,4.12735
1.32642,4.12295
1.57011,3.97744
1.7066,3.94368
2.12277,3.83659
2.32184,3.77896
2.84485,3.51547
3.11075,3.1664
2.87998,3.02822
3.19325,2.95513
3.24708,3.00629
3.4991,2.84703
3.59161,2.76434
3.5974,2.60643
3.65942,2.65052
3.73789,2.65368
3.88529,2.404
3.82543,2.508
3.97708,2.37542
4.01368,2.31006
-3.94485,2.41418
-3.90659,2.45722
-3.33046,2.47544
-3.57213,2.5937
-3.68701,2.70424
-3.28578,2.69171
-3.33301,2.34663
-3.41664,2.82129
-3.027,2.5802
-3.29132,2.56436
-3.36865,2.96848
-3.25397,2.99277
-2.81867,2.75899
-2.93645,2.64098
-2.82855,2.69219
-2.54006,2.74322
-2.80385,2.82386
-2.47959,2.80244
-2.25025,2.52082
-2.22624,2.60041
-2.13812,2.72903
-2.02583,2.70527
-1.96715,2.69282
-2.12239,2.64895
-1.66219,2.61251
-1.76739,2.48838
-1.55492,2.69672
-1.65436,2.70757
-1.49995,2.83237
-1.28408,2.90084
-1.39711,2.81606
-1.5008,2.73709
-1.12122,2.93244
-1.11739,3.0306
-0.818828,2.84434
-0.889551,2.78636
-1.17393,2.99086
0.0219889,3.18425
-0.727653,3.23628
-0.409438,3.56599
0.144328,3.45252
-0.40565,3.27903
-0.119361,3.62031
0.386065,3.8116
0.52171,3.85885
1.0249,4.20353
1.18448,3.91539
1.42294,4.00839
2.18334,3.54819
2.30075,3.69658
2.64006,3.61294
2.86117,3.17398
2.84561,3.39897
3.21247,3.15837
3.14293,3.02135
3.18934,2.82752
3.45335,2.90115
3.62456,2.70894
3.59386,2.85624
3.40184,2.8444
3.67918,2.75732
3.81521,2.66448
3.79615,2.55501
3.90278,2.50811
3.93702,2.44695
-3.8391,2.53315
-3.76544,2.61602
-3.72511,2.66139
-3.49269,2.71461
-3.51732,2.53032
-3.50615,2.90771
-3.57279,2.83274
-3.35941,2.70586
-3.31855,2.61357
-3.31933,3.00122
-3.05415,2.47113
-3.40939,2.63446
-2.8654,2.89897
-2.87756,2.55498
-2.65844,2.85038
-2.7919,2.88724
-2.73339,2.81138
-2.6016,2.82738
-2.25063,2.74917
-2.30656,2.76102
-2.36419,2.77465
-2.35458,2.84871
-2.08414,2.71299
-2.10051,2.79008
-1.77452,2.6494
-1.924,2.74935
-1.84113,2.61991
-1.70662,2.67174
-1.60693,2.65464
-1.70789,2.75944
-1.62545,2.82225
-1.41381,2.70735
-1.18054,2.88969
-1.4435,2.87236
-1.22681,2.9452
-1.33071,2.95715
-1.27966,2.99251
-0.941842,3.16515
-0.887202,3.20774
-0.773793,3.29217
-0.831686,3.24851
-0.673348,3.18367
-0.767253,3.38793
-0.560926,3.26443
-0.256751,3.72462
0.0586295,3.61223
0.255424,3.68377
0.317747,3.76361
0.564279,3.95771
0.789232,4.22326
1.18626,4.23138
1.6861,3.86295
1.85538,3.90154
1.99282,3.86673
2.45483,3.74848
2.74935,3.6156
2.69483,3.453
3.00762,3.26297
2.91977,3.11965
3.25335,3.10343
3.35381,3.00303
3.29696,2.95146
3.54584,2.80169
3.55018,2.90656
3.64325,2.81138
3.76064,2.76192
3.70887,2.70501
3.87165,2.56369
3.84271,2.61536
-3.64815,2.74796
-3.49306,2.79802
-3.60844,2.79264
-3.31313,2.93591
-3.43766,2.98477
-3.31492,3.07033
-3.12886,2.88575
-3.12676,2.70527
-3.38953,2.88179
-2.98509,2.99421
-3.22041,2.52545
-3.04807,2.88037
-2.95832,2.84986
-2.93272,2.91423
-2.71994,2.93303
-2.59712,2.75315
-2.53929,2.89134
-2.42177,2.78885
-2.36174,2.70024
-2.41249,2.86207
-2.30414,2.83707
-2.20849,2.815
-2.25796,2.82641
-2.15414,2.80246
-2.04245,2.77668
-1.97856,2.76194
-1.87121,2.73716
-1.81234,2.72358
-1.75081,2.72673
-1.66739,2.79029
-1.58106,2.85607
-1.53169,2.89368
-1.3856,2.91856
-1.06796,2.97425
-1.38694,3.00397
-1.18855,3.06644
-1.23607,3.03079
-1.09702,3.13824
-1.2123,3.13703
-0.468699,3.22392
-0.713942,3.33859
-0.606111,3.33639
-0.666939,3.38151
-0.490163,3.42546
-0.384262,3.66183
-0.0480592,3.65742
0.230288,3.81567
0.342476,3.69379
0.459807,3.82935
0.521569,4.02342
1.08618,3.95956
1.51507,4.06737
1.93583,3.95954
1.92714,3.88329
2.27438,3.87705
2.58104,3.57527
2.79072,3.34472
2.74338,3.50591
2.9634,3.1925
2.89979,3.36085
3.21183,3.26027
3.10161,3.36836
3.10789,3.26892
3.41085,3.049
3.40529,2.95206
3.46234,3.0009
3.50822,2.94959
3.69674,2.85814
3.73319,2.81094
3.78758,2.71382
-3.54005,2.86958
-3.36308,2.79306
-3.47142,2.94679
-3.26183,3.05808
-3.4,3.02714
-3.20605,3.0452
-3.01014,2.69011
-3.11186,3.02347
-3.05576,3.01052
-2.99703,2.93397
-2.91343,2.97768
-2.84225,2.96125
-2.77782,2.94638
-2.65994,2.91918
-2.59629,2.90449
-2.47972,2.87759
-1.4783,2.93436
-1.43054,2.97075
-1.34582,3.0353
-1.30204,3.06866
-1.14206,3.10143
-1.04856,3.17423
-0.909747,3.27913
-1.00101,3.20991
-0.954552,3.24393
-0.864632,3.31421
-0.817208,3.35193
-0.620361,3.41651
-0.450486,3.35456
-0.54901,3.37881
-0.553475,3.55342
-0.371806,3.50204
0.0196541,3.69084
-0.0101298,3.58219
0.0488622,3.81414
0.194229,3.87645
0.712841,4.01712
0.779915,4.29533
1.26942,4.13244
1.58641,4.0514
1.6077,3.88454
1.98986,3.78202
2.33955,3.85301
2.54452,3.84438
2.57774,3.67914
2.85334,3.61589
2.89467,3.46197
2.94707,3.41383
3.00062,3.36651
2.95795,3.30865
3.05694,3.21515
3.30718,3.14647
3.35712,3.09694
3.41054,3.14434
3.52012,3.03476
3.57019,2.98469
3.61052,2.94435
3.64974,2.90514
-3.35632,3.07627
-1.25575,3.10393
-1.16641,3.17199
-1.11484,3.21129
-1.02108,3.28272
-1.06567,3.24874
-0.928006,3.35363
-0.975829,3.3172
-0.831476,3.42718
-0.670731,3.47135
-0.721565,3.4266
-0.612214,3.51033
-0.440233,3.62997
-0.463175,3.53042
-0.345121,3.60104
-0.0951952,3.71243
-0.135919,3.77824
0.122679,3.78891
0.114365,3.86656
0.291021,3.83678
0.595625,3.89038
0.58125,4.04557
0.906855,4.26313
0.969657,4.13305
1.35256,4.03733
1.80097,3.99221
2.06874,3.76728
2.05858,3.84891
2.38208,3.76708
2.47441,3.80907
2.5573,3.77983
2.60638,3.74526
2.70116,3.55862
2.65018,3.71059
2.94315,3.51472
3.04352,3.42346
2.99107,3.47211
3.05555,3.32253
3.25624,3.29863
3.15368,3.31358
3.3152,3.23968
3.36613,3.18875
3.45686,3.09802
-0.87795,3.39177
-0.780681,3.46588
-0.520836,3.49379
-0.572101,3.45169
-0.71067,3.51922
-0.649456,3.56586
-0.497855,3.59444
-0.534296,3.6536
-0.31554,3.69198
-0.154129,3.68851
-0.219054,3.66191
-0.0777918,3.79988
-0.0192133,3.84461
-0.0332009,3.73813
0.255038,3.90605
0.00475806,3.78937
0.425798,3.90271
0.4948,3.9342
0.491315,4.08356
0.729553,4.19272
1.13051,4.09572
1.11671,4.02153
1.25473,4.20844
1.66158,4.03187
1.73135,4.01434
1.86967,3.97537
2.06807,3.92709
2.00128,3.94222
2.18222,3.82015
2.3156,3.93581
2.70134,3.85354
2.39797,3.84101
2.60771,3.85878
2.68791,3.76335
2.69665,3.66195
2.89991,3.56754
2.79583,3.66873
3.02153,3.53335
3.08825,3.46663
3.20075,3.35413
3.14111,3.41377
-0.595353,3.60708
-0.477135,3.69413
-0.4144,3.72413
-0.354101,3.75297
-0.226447,3.81402
-0.198094,3.75033
-0.292342,3.78251
-0.104204,3.87249
0.0436117,3.8822
0.215845,3.96418
0.388207,3.9642
0.322066,3.93495
0.289356,3.99261
0.351332,3.87317
0.455467,3.99572
0.55779,4.11013
0.690589,4.09119
0.67663,4.24593
0.843081,4.09155
0.892845,4.18409
1.20764,4.15151
1.15205,4.1696
1.44129,4.08196
1.63784,3.95944
1.51592,4.13664
1.84365,4.1275
1.89516,4.04363
2.02449,4.01081
1.96427,4.02978
2.14639,3.98235
2.13794,3.91142
2.20774,3.89272
2.26271,3.94859
2.47843,3.87609
2.54132,3.90241
2.59793,3.93893
2.64602,3.80856
2.78896,3.76592
2.84135,3.71353
2.74224,3.71312
2.89077,3.66411
2.97202,3.58286
-0.163483,3.84414
-0.0419608,3.90225
0.0349016,3.93901
0.11379,3.97674
0.14863,3.93471
0.261823,4.04754
0.189158,4.01279
0.355211,4.02596
0.328816,4.07958
0.570804,4.19532
0.455876,4.14035
0.422719,4.05365
0.619588,4.14012
0.849624,4.24555
0.910397,4.03472
0.873793,4.34022
0.954998,4.20059
1.09844,4.18705
1.02858,4.27584
1.38172,4.10208
1.45363,4.1566
1.54432,4.20233
1.6344,4.10975
1.69176,4.09807
1.57792,4.12497
1.7554,4.08074
1.8207,4.05842
1.98968,4.091
2.08538,3.997
2.07216,4.07037
2.15177,4.05047
2.2339,4.02994
2.20865,3.96763
2.31971,4.00849
2.41494,3.98468
2.37234,3.93465
2.50957,3.96102
2.42736,3.91235
2.65609,3.89879
2.74252,3.81236
0.390502,4.10908
0.517363,4.16976
0.624336,4.22092
0.727131,4.27008
0.673179,4.1685
0.954775,4.2735
0.828277,4.31845
0.92905,4.35615
1.01904,4.33365
1.0991,4.25535
1.10615,4.31188
1.20258,4.28777
1.27672,4.26923
1.3259,4.19276
1.34984,4.25095
1.4738,4.21997
1.39432,4.1748
1.6116,4.18551
1.69496,4.16468
1.77747,4.14405
1.90774,4.11148
