x,y
-0.141003,-4.7802
0.723118,-4.70077
-0.165491,-4.58624
-0.121158,-4.49428
0.0552474,-4.45652
0.541686,-4.45077
0.650579,-4.51836
0.739183,-4.48406
-0.163941,-4.36026
-0.0893238,-4.24364
0.0138306,-4.25137
0.0653904,-4.35946
0.194948,-4.33235
0.213866,-4.20762
0.339483,-4.34943
0.362075,-4.21038
0.508607,-4.2012
0.56161,-4.32504
0.642875,-4.21875
0.721229,-4.30992
1.56803,-4.23812
-0.183779,-4.03909
-0.128578,-3.96093
0.0146363,-3.95739
0.103422,-4.06721
0.189151,-3.99909
0.306812,-4.11085
0.433341,-3.93966
0.541316,-4.09602
0.618285,-4.03715
0.685423,-3.9799
-0.195742,-3.83499
-0.167347,-3.74462
-0.0634151,-3.76672
0.0674364,-3.77993
0.190847,-3.86521
0.258511,-3.69302
0.339148,-3.8382
0.491348,-3.83638
0.586037,-3.78136
0.662287,-3.73068
1.40131,-3.76083
-2.58948,-3.59887
-2.49624,-3.52412
-0.195214,-3.60263
-0.132471,-3.58553
-0.0177931,-3.66279
0.102924,-3.51217
0.208017,-3.45167
0.303384,-3.56187
0.424571,-3.50651
0.539413,-3.46582
0.642478,-3.4895
1.3448,-3.51716
-2.39886,-3.36002
-2.28524,-3.32897
-0.589119,-3.25637
-0.526814,-3.35063
-0.176061,-3.32015
-0.140705,-3.20581
-0.0774244,-3.3358
0.10959,-3.38609
0.165076,-3.23628
0.322347,-3.36447
0.401144,-3.19845
0.497702,-3.34578
0.585892,-3.21446
1.26621,-3.31436
2.01205,-3.25107
2.0815,-3.33941
3.40011,-3.31862
-2.2835,-3.06789
-2.15705,-3.07027
-2.1348,-2.97573
-2.01653,-3.07289
-0.558437,-3.07308
-0.465782,-3.12766
-0.36814,-3.07494
-0.198794,-3.07311
-0.0847108,-3.14705
-0.0925712,-3.00665
0.019092,-3.01687
0.124396,-3.12341
0.290988,-3.12242
0.402497,-3.08241
0.472605,-2.96764
0.577716,-3.0593
1.18048,-3.0348
1.83887,-3.00436
1.95727,-3.06034
3.11202,-3.01378
3.21267,-3.083
-2.12276,-2.81732
-2.0669,-2.87929
-1.9086,-2.76989
-1.87217,-2.88443
-0.589369,-2.79733
-0.581682,-2.91241
-0.434024,-2.77864
-0.347135,-2.90587
-0.296618,-2.78766
-0.201486,-2.8429
-0.118951,-2.86728
-0.0325415,-2.74608
0.0208708,-2.93409
0.164468,-2.78197
0.273097,-2.80643
0.395741,-2.81795
0.478239,-2.91562
0.569706,-2.84446
1.06545,-2.80856
1.16719,-2.88048
1.77215,-2.879
1.84118,-2.7818
2.9501,-2.78572
-2.88396,-2.6265
-2.81689,-2.64155
-2.01045,-2.63951
-1.93087,-2.60074
-1.8464,-2.66177
-1.71016,-2.55354
-1.69963,-2.68918
-1.61264,-2.61342
-0.65122,-2.57979
-0.535365,-2.64653
-0.434363,-2.65335
-0.351478,-2.57517
-0.287651,-2.68255
-0.157797,-2.5539
-0.184015,-2.6443
-0.0614418,-2.65401
0.0419982,-2.69394
0.11889,-2.57654
0.270918,-2.66237
0.34906,-2.59564
0.482109,-2.72008
0.560749,-2.66576
1.0048,-2.62428
1.10448,-2.64131
1.62692,-2.63583
1.71003,-2.5749
1.78406,-2.65094
2.70493,-2.57881
2.76587,-2.67363
2.84471,-2.65053
3.91725,-2.59038
3.97971,-2.66996
4.08633,-2.65721
-2.76281,-2.49182
-2.64463,-2.49281
-1.91583,-2.51126
-1.87435,-2.4158
-1.7528,-2.43502
-1.614,-2.51109
-1.56876,-2.41722
-1.50753,-2.51461
-0.711719,-2.49872
-0.678761,-2.39178
-0.577587,-2.43808
-0.485094,-2.55191
-0.438989,-2.44643
-0.3207,-2.51334
-0.208617,-2.51045
-0.125732,-2.46872
-0.0734987,-2.5748
0.0430323,-2.50703
0.225427,-2.48073
0.324646,-2.46402
0.410967,-2.49026
0.549072,-2.49935
1.00813,-2.44565
1.50715,-2.45159
1.58847,-2.41097
1.69423,-2.50933
2.53864,-2.42358
2.6476,-2.4612
3.67354,-2.48869
3.77826,-2.42294
3.88098,-2.46529
3.96598,-2.49819
-2.67087,-2.36293
-2.60876,-2.26895
-2.48209,-2.33853
-2.4049,-2.28381
-1.80868,-2.32399
-1.71674,-2.3033
-1.64099,-2.36022
-1.54299,-2.31533
-1.42899,-2.34251
-1.35743,-2.35321
-0.776824,-2.30922
-0.718257,-2.29484
-0.638467,-2.32353
-0.582626,-2.3491
-0.46706,-2.37296
-0.372563,-2.364
-0.246788,-2.40686
-0.109326,-2.35619
0.0020445,-2.43106
0.124534,-2.38993
0.249834,-2.33313
0.364529,-2.29147
0.461429,-2.29892
0.530044,-2.33044
0.896828,-2.32667
1.01239,-2.3334
1.40194,-2.28858
1.50455,-2.35246
1.62459,-2.31567
2.41879,-2.32581
2.51933,-2.28664
3.42595,-2.29592
3.50341,-2.39427
3.54457,-2.29517
3.66832,-2.37554
3.74456,-2.30824
3.80803,-2.25677
3.90422,-2.31237
-2.5349,-2.22403
-2.43622,-2.13086
-2.34023,-2.16574
-2.26185,-2.16299
-1.71935,-2.18586
-1.61914,-2.15653
-1.52685,-2.16868
-1.43493,-2.22289
-1.35388,-2.18438
-1.26142,-2.16694
-1.21476,-2.19333
-0.79697,-2.18587
-0.750605,-2.23109
-0.645287,-2.17102
-0.585877,-2.18191
-0.458602,-2.22466
-0.378374,-2.20512
-0.198981,-2.26818
-0.0675944,-2.25008
0.0505267,-2.25133
0.219527,-2.21843
0.310807,-2.20862
0.365745,-2.09703
0.457623,-2.20739
0.521049,-2.19628
0.854425,-2.21844
0.94772,-2.16957
1.3439,-2.20795
1.4185,-2.18996
1.48208,-2.13143
1.57664,-2.17635
2.26072,-2.16654
2.36092,-2.21333
2.43319,-2.16504
3.17441,-2.20762
3.21848,-2.16225
3.32309,-2.19042
3.33899,-2.26977
3.42489,-2.17204
3.53077,-2.17914
3.63892,-2.22908
3.68366,-2.16502
3.78763,-2.15233
-2.43773,-2.05544
-2.32871,-2.0616
-2.22383,-2.06791
-2.14648,-2.05357
-1.62405,-2.0787
-1.54119,-2.01208
-1.50638,-2.1027
-1.34874,-2.03746
-1.23867,-2.07995
-1.15985,-2.13248
-1.10647,-2.06397
-0.768606,-2.05334
-0.712253,-2.09489
-0.574932,-2.0074
-0.483081,-2.12381
-0.385986,-2.06833
-0.244652,-2.10547
-0.0941307,-2.11744
0.130905,-2.10837
0.254834,-2.03167
0.337852,-2.04498
0.417903,-2.01304
0.504584,-2.08627
0.810952,-2.07543
0.931731,-2.09068
1.2615,-2.07927
1.34235,-2.04404
1.36537,-2.1304
1.52157,-2.06189
2.18292,-2.08409
2.33714,-2.04845
2.92552,-2.06211
3.01609,-2.10046
3.03997,-2.04947
3.1306,-2.09107
3.22863,-2.05519
3.33742,-2.06282
3.46235,-1.99512
3.49041,-2.09554
3.59837,-2.00248
3.65764,-2.08103
-4.35004,-1.96134
-2.37037,-1.97296
-2.31286,-1.90527
-2.21596,-1.93447
-2.13262,-1.95136
-2.09397,-1.90569
-2.01883,-1.95346
-1.55135,-1.91157
-1.44286,-1.97979
-1.39768,-1.91458
-1.26073,-1.92722
-1.16778,-2.02368
-1.04929,-1.91225
-1.01501,-1.97042
-0.757294,-1.9658
-0.721026,-1.88274
-0.666197,-1.99544
-0.576893,-1.88727
-0.489178,-1.98356
-0.328408,-1.88276
-0.186722,-1.94653
-0.0573895,-1.91999
0.129317,-1.94808
0.244387,-1.91394
0.318448,-1.94563
0.403579,-1.93293
0.482815,-1.95794
0.754297,-1.94287
0.851472,-1.99637
0.883113,-1.9241
1.16899,-1.92388
1.28987,-1.9578
1.37554,-1.90241
1.47579,-1.9682
2.03934,-1.94459
2.09465,-2.00087
2.21663,-1.92427
2.71049,-1.93397
2.80596,-1.94372
2.88739,-1.8886
2.94154,-1.98632
3.01903,-1.91069
3.13075,-1.91771
3.20885,-1.91702
3.32459,-1.98847
3.38248,-1.93236
3.49257,-1.92813
4.54188,-1.91461
-4.04224,-1.84527
-3.90163,-1.79688
-2.96626,-1.80169
-2.8907,-1.79921
-2.24679,-1.83723
-2.16927,-1.77173
-2.08262,-1.82914
-2.00458,-1.78564
-1.91214,-1.84164
-1.4861,-1.78766
-1.42021,-1.83426
-1.36681,-1.75318
-1.32456,-1.83313
-1.14401,-1.86091
-1.07821,-1.78151
-1.00302,-1.85704
-0.873551,-1.81109
-0.717763,-1.8164
-0.659411,-1.851
-0.525472,-1.79068
-0.448464,-1.82294
-0.326128,-1.74907
-0.197113,-1.81095
0.0195484,-1.82946
0.153244,-1.82162
0.2292,-1.74742
0.320823,-1.766
0.449905,-1.83022
0.483022,-1.79823
0.716719,-1.82674
0.77646,-1.79255
0.865961,-1.84353
1.12835,-1.85148
1.18756,-1.81291
1.30772,-1.83839
1.43945,-1.83052
1.94589,-1.84096
2.02095,-1.75629
2.03387,-1.84343
2.14068,-1.84378
2.53147,-1.82782
2.60609,-1.80684
2.68862,-1.85618
2.75537,-1.82117
2.86808,-1.79463
2.9552,-1.85928
3.0524,-1.79902
3.1468,-1.82018
3.23225,-1.76932
3.30794,-1.77739
3.3663,-1.82231
4.2503,-1.78813
4.36564,-1.85132
-3.85335,-1.69435
-3.77904,-1.75484
-3.73542,-1.65392
-3.62486,-1.68309
-3.55683,-1.66596
-2.83305,-1.6785
-2.77455,-1.74197
-2.69786,-1.70781
-2.65564,-1.6323
-2.5639,-1.6744
-2.2087,-1.69147
-2.10182,-1.63938
-2.02346,-1.69897
-1.87508,-1.76087
-1.82573,-1.64806
-1.72943,-1.69398
-1.43806,-1.71
-1.39236,-1.63658
-1.2705,-1.64507
-1.23732,-1.7421
-1.15191,-1.6442
-1.01766,-1.71554
-0.897913,-1.67227
-0.859514,-1.74822
-0.771981,-1.69155
-0.668338,-1.64138
-0.627882,-1.75627
-0.572565,-1.65127
-0.491315,-1.69411
-0.348642,-1.6662
-0.167978,-1.63023
0.0451085,-1.67504
0.162543,-1.64441
0.247918,-1.63535
0.335727,-1.65843
0.408584,-1.76099
0.470016,-1.70194
0.660123,-1.66942
0.728653,-1.71154
0.817344,-1.68058
1.02793,-1.68387
1.12868,-1.75893
1.21688,-1.6889
1.32317,-1.72972
1.40228,-1.66797
1.78748,-1.6886
1.85429,-1.65537
1.91511,-1.74933
2.00968,-1.66499
2.27193,-1.67514
2.34652,-1.71751
2.41584,-1.68531
2.48116,-1.7628
2.54329,-1.66069
2.6863,-1.71839
2.72113,-1.63398
2.83779,-1.68452
2.92901,-1.62886
3.01243,-1.65477
3.06532,-1.69267
3.18234,-1.68656
4.01421,-1.66408
4.10795,-1.7193
-3.58636,-1.55704
-3.48443,-1.61377
-3.41428,-1.54999
-3.32727,-1.48867
-3.27791,-1.56843
-3.16814,-1.52899
-2.75175,-1.60505
-2.68591,-1.51699
-2.61182,-1.50974
-2.53082,-1.60567
-2.44135,-1.59268
-2.34576,-1.584
-2.19299,-1.59314
-2.13702,-1.54298
-1.98916,-1.50887
-1.95442,-1.61744
-1.86952,-1.53533
-1.7293,-1.55396
-1.69259,-1.6316
-1.57029,-1.53916
-1.3505,-1.57786
-1.31215,-1.52046
-1.26336,-1.54715
-1.13522,-1.54197
-0.9956,-1.61169
-0.90965,-1.5026
-0.879296,-1.62246
-0.794269,-1.54949
-0.723502,-1.58792
-0.644684,-1.55593
-0.57506,-1.53892
-0.471965,-1.58637
-0.393695,-1.55527
-0.280311,-1.54116
-0.0839552,-1.56862
0.0627983,-1.52664
0.151342,-1.54957
0.255464,-1.53164
0.372978,-1.54069
0.459334,-1.6083
0.61092,-1.52027
0.667502,-1.56149
0.780384,-1.58622
0.92994,-1.54134
0.998802,-1.61376
1.07936,-1.49313
1.16461,-1.56429
1.31782,-1.58789
1.34486,-1.49982
1.66997,-1.57181
1.74384,-1.60997
1.79897,-1.54133
1.89402,-1.53417
1.94114,-1.59206
2.05341,-1.53731
2.13012,-1.58749
2.20084,-1.57601
2.26306,-1.54429
2.35354,-1.6367
2.40605,-1.51966
2.55741,-1.53015
2.63108,-1.59032
2.71551,-1.52586
2.80293,-1.54842
2.89256,-1.51463
2.9944,-1.52475
3.53969,-1.53771
3.6475,-1.55717
3.74953,-1.50571
3.77233,-1.62626
3.85497,-1.54209
-3.33473,-1.42455
-3.1863,-1.44328
-3.11125,-1.36621
-3.0707,-1.43028
-3.01396,-1.36109
-2.93494,-1.44242
-2.90241,-1.39501
-2.71338,-1.35994
-2.59329,-1.42531
-2.51502,-1.41466
-2.43344,-1.44508
-2.3706,-1.30862
-2.34305,-1.46452
-2.23992,-1.37661
-2.15935,-1.43374
-2.08691,-1.47691
-2.00858,-1.37629
-1.89706,-1.44231
-1.76175,-1.44399
-1.67399,-1.419
-1.56166,-1.38276
-1.48153,-1.45482
-1.40765,-1.4207
-1.25253,-1.43773
-1.22467,-1.37048
-1.1085,-1.34989
-1.04927,-1.46292
-0.915664,-1.40384
-0.849246,-1.41959
-0.750098,-1.4444
-0.659494,-1.43063
-0.558535,-1.43667
-0.489689,-1.49307
-0.384388,-1.45529
-0.244981,-1.46497
0.037488,-1.39128
0.136565,-1.4515
0.246852,-1.37688
0.349749,-1.43937
0.422166,-1.34407
0.45402,-1.43934
0.569526,-1.41349
0.637092,-1.40522
0.728839,-1.44477
0.841568,-1.41748
0.907555,-1.36794
0.971391,-1.45989
1.05866,-1.3936
1.18235,-1.37006
1.25305,-1.43912
1.53046,-1.40432
1.66273,-1.43816
1.74888,-1.37387
1.83701,-1.39718
1.94518,-1.41799
2.03589,-1.4465
2.15163,-1.46803
2.17461,-1.36204
2.31958,-1.46404
2.40092,-1.39779
2.51245,-1.39327
2.5947,-1.43874
2.68213,-1.33842
2.74187,-1.41948
2.83182,-1.40232
3.14223,-1.38407
3.22224,-1.41205
3.34445,-1.38748
3.45446,-1.3603
3.45585,-1.44567
3.55615,-1.38884
3.66691,-1.44756
-2.94227,-1.23002
-2.86091,-1.32755
-2.84222,-1.19693
-2.70043,-1.21588
-2.66575,-1.32509
-2.60691,-1.26187
-2.50302,-1.19089
-2.45484,-1.26419
-2.4221,-1.23664
-2.31516,-1.27452
-2.25979,-1.27699
-2.1519,-1.29423
-2.06024,-1.29737
-1.90757,-1.29169
-1.78745,-1.34712
-1.66136,-1.34512
-1.56696,-1.26324
-1.49142,-1.32141
-1.37602,-1.30937
-1.28604,-1.28826
-1.21981,-1.2503
-1.11804,-1.2465
-1.06984,-1.25634
-0.987093,-1.31007
-0.940209,-1.22074
-0.848515,-1.30571
-0.728728,-1.36742
-0.627279,-1.39794
-0.522422,-1.37613
-0.363838,-1.39706
-0.165885,-1.35782
0.00373112,-1.36738
0.1723,-1.32455
0.24871,-1.29459
0.324399,-1.31582
0.419625,-1.24243
0.515798,-1.25707
0.609192,-1.27388
0.667439,-1.19461
0.730785,-1.26428
0.804571,-1.28454
0.861826,-1.23905
0.954267,-1.29877
1.07917,-1.29731
1.17405,-1.236
1.21751,-1.28931
1.35604,-1.24921
1.45386,-1.33544
1.51474,-1.31567
1.59314,-1.28989
1.68694,-1.32473
1.76338,-1.28054
1.82689,-1.30448
1.91581,-1.35197
1.99374,-1.30869
2.05692,-1.37375
2.21499,-1.27429
2.34617,-1.29929
2.42597,-1.25953
2.50281,-1.24623
2.54224,-1.31647
2.62375,-1.2567
2.74527,-1.2327
2.82531,-1.26761
2.88735,-1.22491
2.94238,-1.29351
3.04379,-1.26485
3.12629,-1.21121
3.20412,-1.24667
3.26426,-1.30852
3.36299,-1.27171
-2.76654,-1.12985
-2.68445,-1.09606
-2.65215,-1.18023
-2.57803,-1.1275
-2.48217,-1.09448
-2.41238,-1.15727
-2.32005,-1.14618
-2.26217,-1.1982
-2.16382,-1.10036
-2.10738,-1.19666
-1.91113,-1.15568
-1.80033,-1.19377
-1.67702,-1.2187
-1.52599,-1.23022
-1.41126,-1.23851
-1.32381,-1.23139
-1.25076,-1.18908
-1.18598,-1.18392
-1.10621,-1.16148
-1.04015,-1.14565
-1.03528,-1.21265
-0.922661,-1.19181
-0.83366,-1.22892
-0.716762,-1.30394
-0.636139,-1.27577
-0.409482,-1.29961
-0.281454,-1.39342
-0.0857839,-1.24037
0.107634,-1.25207
0.211823,-1.21662
0.308854,-1.19418
0.363779,-1.16697
0.418298,-1.16606
0.51415,-1.14398
0.580189,-1.19572
0.623714,-1.15815
0.723945,-1.15966
0.760638,-1.20834
0.84135,-1.15754
0.948467,-1.18193
1.04991,-1.16346
1.13611,-1.13269
1.27947,-1.17726
1.3364,-1.1669
1.41106,-1.17785
1.50013,-1.23925
1.61455,-1.20152
1.70244,-1.23243
1.81509,-1.18943
1.89097,-1.26755
1.99175,-1.19332
2.14232,-1.1975
2.28507,-1.20396
2.3563,-1.17923
2.43621,-1.13378
2.50465,-1.13313
2.59498,-1.12149
2.65929,-1.13737
2.75047,-1.13079
2.80595,-1.16187
2.89217,-1.11248
2.96483,-1.10685
3.09154,-1.14287
-2.52126,-1.00106
-2.44623,-1.03877
-2.35513,-1.02724
-2.30775,-0.982875
-2.20884,-1.01186
-2.14358,-0.962781
-2.0308,-1.04824
-1.93701,-1.03258
-1.85151,-1.06585
-1.66322,-1.09145
-1.59212,-1.11339
-1.44546,-1.13195
-1.36498,-1.15312
-1.26486,-1.10651
-1.16378,-1.10031
-1.10779,-1.12033
-1.0228,-1.09222
-0.963235,-1.1028
-0.846023,-1.12782
-0.760709,-1.11651
-0.679576,-1.1812
-0.508418,-1.20891
-0.255457,-1.15163
0.0351559,-1.1532
0.102997,-1.13333
0.214878,-1.16553
0.307402,-1.11157
0.39484,-1.09516
0.460743,-1.10408
0.541267,-1.11136
0.620881,-1.08067
0.696657,-1.04627
0.782761,-1.11306
0.902749,-1.09029
1.00625,-1.0479
1.09803,-1.05529
1.15409,-1.02868
1.19417,-1.0752
1.26278,-1.12336
1.42835,-1.07459
1.47946,-1.16589
1.54115,-1.12941
1.69395,-1.13982
1.82443,-1.13167
1.95033,-1.12588
2.05973,-1.1083
2.20132,-1.08778
2.30847,-1.06838
2.42911,-1.04758
2.50081,-1.05459
2.56531,-1.0488
2.63585,-0.987324
2.75267,-1.03341
2.82252,-0.963778
2.87942,-1.04727
-2.38989,-0.93245
-2.32551,-0.905736
-2.24714,-0.93144
-2.20486,-0.865776
-2.06293,-0.983901
-2.01678,-0.880614
-1.9638,-0.914453
-1.85113,-0.933231
-1.74056,-0.970263
-1.62716,-0.958879
-1.50574,-0.99509
-1.37218,-1.01391
-1.26257,-1.01242
-1.17548,-1.02677
-1.09388,-1.03624
-1.02377,-1.00123
-0.91737,-1.0008
-0.80447,-1.02812
-0.647364,-1.08154
-0.466904,-1.03171
-0.370319,-1.20849
-0.123922,-1.12342
0.0853325,-1.02843
0.189108,-1.05925
0.258977,-1.02163
0.340501,-1.04156
0.444175,-1.01383
0.495454,-1.07171
0.633991,-1.01643
0.77589,-1.0008
0.878224,-1.02174
0.989818,-0.98569
1.03306,-1.01246
1.08115,-0.964512
1.15391,-0.977635
1.20219,-0.99368
1.27316,-1.04849
1.36571,-1.05558
1.4547,-1.00998
1.61595,-1.05026
1.74591,-1.04712
1.89383,-1.01217
2.00567,-0.973629
2.10957,-0.984605
2.27671,-0.968378
2.36694,-0.965402
2.43299,-0.937819
2.56033,-0.932998
2.61663,-0.857861
2.6127,-0.938211
2.7238,-0.906191
-2.16688,-0.816552
-2.1209,-0.86837
-2.03756,-0.800788
-1.9705,-0.805528
-1.87496,-0.847522
-1.77442,-0.866531
-1.67255,-0.862988
-1.57026,-0.806499
-1.4707,-0.890647
-1.32289,-0.925822
-1.22433,-0.876977
-1.1582,-0.921698
-1.0553,-0.929242
-0.963278,-0.930034
-0.826184,-0.942209
-0.741004,-0.931417
-0.624851,-0.943644
-0.355624,-0.957558
-0.193843,-0.993801
-0.0134695,-0.980727
0.210596,-0.926241
0.283797,-0.965858
0.391958,-0.928622
0.490666,-0.943283
0.545776,-0.962975
0.69096,-0.940569
0.818159,-0.879304
0.905384,-0.919771
1.00252,-0.887255
1.05163,-0.907989
1.11334,-0.939206
1.18096,-0.898984
1.28221,-0.941956
1.40643,-0.918853
1.53279,-0.88535
1.6804,-0.96198
1.77415,-0.88947
1.92411,-0.888874
2.05532,-0.8392
2.2017,-0.873989
2.32575,-0.86184
2.41414,-0.848024
2.46807,-0.820131
2.5454,-0.823026
-4.79696,-0.784286
-4.66687,-0.756645
-2.09117,-0.777297
-2.01341,-0.743762
-1.95255,-0.710266
-1.90192,-0.726576
-1.79613,-0.744768
-1.76502,-0.719382
-1.67892,-0.739543
-1.59079,-0.726615
-1.47929,-0.714056
-1.35933,-0.783475
-1.25321,-0.767629
-1.17273,-0.782376
-1.07293,-0.79624
-0.957699,-0.81378
-0.844298,-0.805546
-0.747206,-0.78035
-0.529552,-0.898481
-0.27425,-0.813443
-0.0940108,-0.846047
0.0913094,-0.909981
0.175324,-0.823314
0.296038,-0.846349
0.453213,-0.882114
0.551922,-0.872037
0.666737,-0.861528
0.764648,-0.850416
0.899412,-0.820506
0.991991,-0.795426
1.07194,-0.833589
1.13623,-0.816358
1.2168,-0.80583
1.36647,-0.813435
1.46938,-0.795714
1.6151,-0.802408
1.74132,-0.79784
1.85557,-0.712132
2.00404,-0.760363
2.13798,-0.740552
2.25163,-0.766586
2.33676,-0.761873
2.38751,-0.722975
2.46157,-0.756967
-4.56309,-0.725127
-4.46876,-0.671721
-4.40369,-0.725403
-4.2962,-0.693691
-4.12986,-0.695167
-1.88602,-0.670921
-1.83646,-0.657905
-1.77229,-0.660546
-1.67646,-0.646495
-1.59901,-0.655068
-1.52626,-0.613552
-1.38688,-0.667093
-1.34178,-0.636783
-1.18398,-0.665017
-1.06762,-0.651792
-0.972122,-0.684454
-0.86759,-0.662941
-0.753457,-0.661226
-0.558863,-0.721984
-0.398508,-0.69447
-0.20131,-0.653587
0.12953,-0.762241
0.219078,-0.717599
0.334631,-0.740398
0.440348,-0.728191
0.527712,-0.774047
0.758741,-0.675372
0.798873,-0.736504
0.913217,-0.743047
1.02956,-0.71125
1.08286,-0.759216
1.17867,-0.717539
1.31055,-0.684685
1.43919,-0.666956
1.55351,-0.665671
1.70174,-0.584218
1.88463,-0.651896
1.96224,-0.614781
2.05884,-0.62832
2.16129,-0.648194
2.27394,-0.667837
2.39689,-0.678672
2.45445,-0.703438
-4.28618,-0.608858
-4.22154,-0.594173
-4.13707,-0.597631
-4.07384,-0.632273
-4.00038,-0.667655
-3.93757,-0.622453
-3.85634,-0.654156
-3.78181,-0.646787
-3.72025,-0.630112
-3.61947,-0.624591
-1.76936,-0.611876
-1.7081,-0.602851
-1.6145,-0.573842
-1.56942,-0.526834
-1.51695,-0.578329
-1.4051,-0.582166
-1.31336,-0.540056
-1.20708,-0.502603
-1.14863,-0.581028
-1.01804,-0.56557
-0.934593,-0.53656
-0.855421,-0.524577
-0.702039,-0.54466
-0.51851,-0.510227
-0.333682,-0.543918
0.0257958,-0.715808
0.110234,-0.632822
0.225516,-0.599153
0.38151,-0.5687
0.596643,-0.589423
0.615358,-0.69866
0.858314,-0.660426
0.948867,-0.613183
1.07525,-0.608403
1.13805,-0.637806
1.26454,-0.573531
1.37437,-0.557632
1.52849,-0.541082
1.63419,-0.472305
1.76753,-0.533498
1.85935,-0.520847
1.99859,-0.547308
2.09572,-0.554959
2.1615,-0.534495
2.21625,-0.574238
2.28969,-0.607049
2.37468,-0.609492
2.4535,-0.620599
4.20935,-0.621911
-4.06956,-0.543056
-4.00434,-0.517579
-3.94372,-0.506087
-3.85324,-0.552733
-3.82545,-0.487197
-3.75388,-0.539471
-3.68064,-0.520156
-3.60663,-0.5353
-3.52161,-0.572747
-3.43879,-0.567782
-3.36301,-0.582532
-3.30141,-0.544083
-3.22848,-0.570731
-3.13185,-0.557289
-3.03041,-0.543387
-1.65907,-0.553135
-1.58897,-0.51604
-1.52657,-0.489367
-1.44739,-0.52463
-1.40441,-0.477501
-1.34195,-0.47173
-1.25947,-0.449681
-1.18771,-0.407981
-1.05157,-0.484384
-1.02389,-0.446446
-0.861486,-0.449423
-0.764021,-0.446297
-0.653017,-0.401077
-0.48762,-0.42121
-0.170528,-0.407907
-0.0535745,-0.57289
0.118381,-0.409677
0.336932,-0.562928
0.520679,-0.638769
0.643272,-0.470566
0.742669,-0.528857
0.899061,-0.516252
1.03283,-0.518247
1.19625,-0.527792
1.27026,-0.427169
1.40682,-0.443531
1.56698,-0.444371
1.68432,-0.415895
1.78101,-0.482004
1.89081,-0.444611
1.91407,-0.482452
2.01282,-0.501162
2.0913,-0.474342
2.16056,-0.462288
2.25227,-0.504206
2.30979,-0.53425
2.37606,-0.55845
3.67796,-0.544211
3.76278,-0.497596
3.8166,-0.568682
3.85471,-0.5127
3.97794,-0.589635
4.03498,-0.553945
-3.7904,-0.450184
-3.70653,-0.421608
-3.61543,-0.447466
-3.53637,-0.429451
-3.45032,-0.380575
-3.41454,-0.4796
-3.32577,-0.401532
-3.27039,-0.468414
-3.19017,-0.431688
-3.09802,-0.478251
-3.0153,-0.452454
-2.95037,-0.521793
-2.90222,-0.430456
-2.79895,-0.45875
-2.74924,-0.497681
-2.69875,-0.462989
-2.60431,-0.480068
-2.4898,-0.435157
-2.39547,-0.451083
-1.43566,-0.437145
-1.35154,-0.389633
-1.28572,-0.387163
-1.2591,-0.359329
-1.16556,-0.376274
-1.06265,-0.39448
-0.980652,-0.340409
-0.86821,-0.386894
-0.859293,-0.325002
-0.728607,-0.301268
-0.5949,-0.361049
-0.471773,-0.228802
-0.310013,-0.301125
-0.039902,-0.361213
0.257285,-0.44995
0.377373,-0.413509
0.493925,-0.407353
0.699219,-0.355511
0.866228,-0.397065
1.02768,-0.362039
1.10725,-0.427423
1.36025,-0.368349
1.41915,-0.264748
1.53892,-0.37015
1.61719,-0.294694
1.70254,-0.362578
1.77345,-0.40509
1.86847,-0.378767
1.97611,-0.37966
2.0214,-0.431163
2.08353,-0.425202
3.09203,-0.450378
3.15606,-0.415255
3.2887,-0.44511
3.32733,-0.489252
3.35756,-0.404174
3.45098,-0.426251
3.53497,-0.524799
3.57406,-0.435941
-3.42689,-0.330123
-3.33776,-0.314092
-3.22689,-0.362813
-3.21739,-0.26877
-3.13596,-0.34082
-3.04196,-0.345841
-2.94701,-0.358115
-2.84815,-0.311657
-2.77108,-0.357966
-2.68478,-0.265101
-2.65917,-0.398898
-2.58985,-0.31997
-2.50215,-0.352395
-2.39551,-0.368595
-2.29279,-0.343435
-2.23462,-0.419834
-2.19257,-0.332209
-2.07725,-0.353537
-2.0129,-0.39745
-1.98632,-0.31957
-1.8968,-0.346816
-1.8026,-0.331319
-1.65911,-0.336747
-1.59104,-0.312742
-1.26999,-0.346273
-1.18551,-0.301405
-1.09479,-0.299811
-1.04703,-0.30849
-0.981264,-0.273721
-0.919434,-0.261575
-0.788255,-0.276396
-0.707964,-0.224634
-0.602844,-0.260708
-0.34217,-0.243822
-0.154297,-0.247466
0.0247096,-0.240466
0.235643,-0.240342
0.439078,-0.309734
0.550838,-0.255722
0.781681,-0.297016
0.948183,-0.257146
1.17183,-0.292259
1.24074,-0.284322
1.331,-0.249904
1.49008,-0.345943
1.537,-0.2656
1.66487,-0.309718
1.74435,-0.293473
1.78114,-0.335359
1.86315,-0.329966
2.34032,-0.325097
2.4699,-0.358841
2.51766,-0.290369
2.601,-0.33284
2.67539,-0.386392
2.71013,-0.317291
2.81455,-0.301764
2.86492,-0.400495
2.92909,-0.268308
2.95506,-0.400997
3.05162,-0.34982
3.14512,-0.319334
3.25265,-0.359504
-3.12406,-0.228336
-3.0521,-0.229218
-2.97444,-0.227332
-2.88392,-0.229248
-2.84685,-0.145486
-2.76943,-0.216877
-2.66649,-0.176331
-2.62093,-0.121429
-2.535,-0.200973
-2.44237,-0.166241
-2.34699,-0.243867
-2.22348,-0.138814
-2.18049,-0.245011
-2.07026,-0.244287
-1.9889,-0.189282
-1.88417,-0.189077
-1.77082,-0.22749
-1.7251,-0.157028
-1.65948,-0.241421
-1.54339,-0.250781
-1.44852,-0.238393
-1.39354,-0.153065
-1.34044,-0.266257
-1.29498,-0.175311
-1.19131,-0.185085
-1.13374,-0.242574
-1.08484,-0.18914
-1.01488,-0.190803
-0.947617,-0.206111
-0.862104,-0.152131
-0.762526,-0.222373
-0.698687,-0.131733
-0.604512,-0.109912
-0.485387,-0.148574
-0.267197,-0.0980574
-0.130817,-0.0805968
0.141799,-0.116148
0.430276,-0.136309
0.676661,-0.106967
0.838128,-0.0930869
1.03253,-0.128764
1.16194,-0.16654
1.33203,-0.119432
1.4175,-0.154564
1.51805,-0.18712
1.58829,-0.163236
1.64562,-0.213192
1.74166,-0.198397
1.80303,-0.251817
1.8436,-0.148179
1.94225,-0.26269
2.01253,-0.168866
2.05892,-0.272677
2.17234,-0.289097
2.23153,-0.185575
2.26481,-0.29388
2.36911,-0.191298
2.45464,-0.211994
2.53208,-0.179729
2.57936,-0.241787
2.70382,-0.205222
2.77703,-0.221136
-2.61299,-0.0524933
-2.55773,-0.0369293
-2.49075,-0.0740484
-2.33646,-0.143016
-2.39307,-0.021849
-2.25523,-0.0241671
-2.11788,-0.141612
-2.03981,-0.0552345
-1.93167,-0.0820348
-1.81238,-0.115209
-1.66704,-0.121494
-1.59382,-0.0740456
-1.52286,-0.15727
-1.43327,-0.0658475
-1.31573,-0.0809433
-1.21744,-0.0844074
-1.13077,-0.128359
-1.07362,-0.0687568
-0.969365,-0.0863249
-0.926573,-0.0855273
-0.814235,-0.0690736
-0.738578,-0.0687767
-0.654046,0.00484266
-0.482864,0.00222253
-0.37128,-0.0244026
0.0671855,-0.0315472
0.199086,0.0684251
0.522181,-0.0704951
0.724129,0.0916125
0.871209,0.0118326
1.087,-0.00840792
1.19938,-0.0359317
1.31485,-0.0048367
1.43908,-0.0354586
1.50946,-0.0916462
1.62527,-0.0668129
1.70387,-0.158527
1.72709,-0.0643183
1.86696,-0.0412229
1.95259,-0.104776
2.05278,-0.0718505
2.14825,-0.051037
2.25733,-0.0690381
2.35795,-0.053526
2.43932,-0.0646417
2.49992,-0.106758
2.53002,-0.0399469
2.66056,-0.0444921
2.69917,-0.123252
2.81551,-0.0268197
2.82517,-0.114089
2.90079,0.00681061
3.00111,-0.0325365
3.04705,-0.108776
3.14517,-0.0257044
3.18711,-0.1176
3.2808,-0.0341556
3.34496,-0.109604
3.35756,-0.0259259
3.47261,-0.092674
3.57122,-0.0429723
3.62603,-0.106919
3.69572,-0.1088
3.76818,-0.0944412
3.86605,-0.0264593
3.90054,-0.10197
3.97283,-0.101855
4.05151,-0.0672809
4.12395,-0.0910122
4.20291,-0.0988224
4.31706,-0.0401658
-3.70922,0.119477
-3.52204,0.0910421
-3.36199,0.114242
-3.23388,0.0618175
-3.18718,0.132152
-3.09341,0.108564
-3.04125,0.0471563
-2.95196,0.0574591
-2.86433,0.0517892
-2.80464,0.159626
-2.77984,0.065715
-2.69159,0.0423527
-2.59253,0.0615714
-2.51925,0.0219741
-2.47222,0.126575
-2.38137,0.0310441
-2.32814,0.150632
-2.13918,0.0060792
-2.20685,0.159365
-2.06126,0.0653378
-1.91091,0.0776403
-1.79849,0.0483049
-1.65402,0.100895
-1.53001,-0.00791885
-1.4554,0.060796
-1.31956,0.0724105
-1.18159,0.0669999
-1.07245,0.00918325
-0.975745,0.0153307
-0.916225,0.0910008
-0.831875,0.0091742
-0.747796,0.0749884
-0.54377,0.0886223
-0.410148,0.117091
-0.213432,0.107776
-0.00184829,0.128433
0.303212,0.0994141
0.459251,0.156279
0.762734,0.16489
0.986284,0.0811108
1.08908,0.178566
1.21521,0.105183
1.36475,0.0970418
1.46308,0.114077
1.54103,0.0537632
1.68116,0.156951
1.72313,0.0529764
1.85858,0.0826149
1.97635,0.0290831
2.10931,0.0425565
2.26158,0.0977778
2.31586,0.0434738
2.44841,0.0308776
2.51958,0.113397
2.5959,0.0340447
2.69708,0.0982519
2.75856,0.0359853
2.87783,0.0925216
3.01146,0.100765
3.07729,0.0278301
3.16459,0.0923918
3.26525,0.0629685
3.36281,0.113395
3.43309,0.0401767
3.55335,0.0342521
3.61357,0.157892
3.71045,0.0744745
3.77827,0.00823262
3.85696,0.0647965
3.9523,0.0284637
4.059,0.0350853
4.1586,0.0861651
4.23773,0.0425846
4.30866,0.0821241
4.41327,0.0874523
4.47616,0.0448032
4.55728,0.119207
-3.52879,0.195987
-3.44094,0.218124
-3.36122,0.223322
-3.21357,0.205326
-3.13237,0.237228
-3.06182,0.192576
-2.99564,0.24782
-2.92758,0.247781
-2.92448,0.146031
-2.81709,0.261973
-2.74895,0.238065
-2.63967,0.159858
-2.59926,0.272317
-2.56329,0.18285
-2.46378,0.275887
-2.40931,0.195757
-2.33029,0.244936
-2.26039,0.228338
-2.21123,0.300952
-2.14254,0.226465
-2.03032,0.231386
-1.94244,0.263723
-1.84699,0.154718
-1.723,0.328976
-1.59333,0.239363
-1.44024,0.267951
-1.3205,0.239179
-1.22096,0.282063
-1.06694,0.134225
-0.990801,0.266012
-0.8293,0.206073
-0.727183,0.200619
-0.607283,0.157248
-0.424345,0.187354
-0.213196,0.225707
0.0930135,0.277506
0.420248,0.22322
0.671084,0.280271
0.832934,0.300583
0.982339,0.258211
1.05772,0.314978
1.1925,0.254497
1.27863,0.22468
1.39612,0.270229
1.46785,0.215434
1.56263,0.257681
1.65424,0.303778
1.78226,0.204579
1.86597,0.235355
1.96893,0.283379
2.10307,0.243684
2.22054,0.270821
2.31753,0.231955
2.39467,0.296982
2.56409,0.258587
2.66056,0.275764
2.7312,0.189193
2.83284,0.254383
2.98516,0.26362
3.07935,0.177352
3.17209,0.219701
3.29069,0.212816
3.39342,0.270948
3.4694,0.139418
3.56309,0.270848
3.68824,0.22767
3.78836,0.216885
3.87702,0.2335
3.97639,0.149504
4.12678,0.291421
4.15027,0.183277
4.2864,0.262568
4.37533,0.176939
4.4654,0.234278
4.57803,0.302172
4.65195,0.144261
4.75795,0.274577
-2.27381,0.377739
-2.21237,0.431091
-2.12098,0.381324
-2.05906,0.292652
-1.97435,0.430782
-1.88192,0.305851
-1.716,0.464472
-1.5817,0.425136
-1.47011,0.423685
-1.34616,0.417941
-1.25046,0.41205
-1.17299,0.427775
-1.06467,0.372285
-0.978201,0.433449
-0.846884,0.347184
-0.690276,0.371532
-0.550595,0.342959
-0.427496,0.341199
-0.122527,0.380762
0.273057,0.340874
0.2777,0.48488
0.477546,0.32003
0.756519,0.385783
0.920181,0.341633
1.02336,0.390114
1.12175,0.369903
1.26499,0.344298
1.3321,0.408805
1.38188,0.352751
1.47546,0.446832
1.54261,0.367547
1.60203,0.445673
1.70362,0.414769
1.8058,0.321829
1.85549,0.453518
1.97115,0.384534
2.04186,0.46472
2.11513,0.35742
2.19979,0.438992
2.31641,0.377645
2.42636,0.407952
2.49592,0.388621
2.57945,0.368615
2.68382,0.454946
2.75806,0.36665
2.84101,0.358121
2.93141,0.418946
2.99205,0.402148
3.09593,0.338822
3.22824,0.458744
3.2846,0.34505
3.37805,0.480552
3.4169,0.348617
3.48565,0.496029
3.56843,0.354216
3.67141,0.373766
3.73701,0.400252
3.81618,0.322436
3.89683,0.365764
3.95648,0.482534
4.00057,0.35904
4.11637,0.402789
4.19978,0.355101
4.27292,0.460431
4.3606,0.30326
4.41947,0.425501
4.49297,0.368356
4.59221,0.445869
4.65719,0.383859
4.73463,0.352806
4.82493,0.40951
-2.69147,0.561687
-2.52201,0.520346
-2.42091,0.495801
-2.33676,0.537375
-2.30463,0.449375
-2.26174,0.581291
-2.1355,0.468773
-2.04484,0.544723
-1.95119,0.524228
-1.79052,0.563825
-1.70524,0.582353
-1.60622,0.548292
-1.5093,0.560513
-1.42007,0.535933
-1.32721,0.528722
-1.22806,0.507162
-1.14509,0.587557
-1.06779,0.494812
-1.01807,0.564447
-0.915115,0.48309
-0.745985,0.513873
-0.692123,0.481188
-0.546041,0.47147
-0.225036,0.533034
0.105391,0.485362
0.223077,0.547208
0.541356,0.512476
0.674234,0.463555
0.828114,0.482411
0.994803,0.466515
1.10814,0.487606
1.19734,0.493761
1.28627,0.554256
1.32968,0.512614
1.42487,0.522576
1.66321,0.507377
2.00764,0.547411
2.09555,0.51244
2.14756,0.563354
2.22621,0.518684
2.28814,0.560706
2.36402,0.588076
2.36857,0.492256
2.51108,0.577183
2.56496,0.465348
2.64284,0.560951
2.73717,0.551954
2.82197,0.507282
2.90946,0.505201
3.02442,0.512526
3.18272,0.508653
-3.14881,0.67663
-3.07421,0.658863
-2.98141,0.669747
-2.92056,0.636772
-2.84391,0.606314
-2.81753,0.657087
-2.72632,0.661697
-2.6408,0.618253
-2.54673,0.643444
-2.4378,0.655993
-2.38491,0.595897
-2.32251,0.674951
-2.17651,0.661768
-2.09127,0.698817
-2.01925,0.641039
-1.92715,0.676353
-1.78294,0.715225
-1.70809,0.687431
-1.64499,0.643205
-1.53278,0.73066
-1.48943,0.651913
-1.41154,0.678262
-1.35272,0.622056
-1.26929,0.657583
-1.18077,0.599741
-1.15993,0.678745
-1.11247,0.668131
-1.03592,0.663147
-0.931652,0.610905
-0.789834,0.663101
-0.671468,0.606245
-0.535853,0.592226
-0.319362,0.47342
-0.166589,0.600083
0.116053,0.68898
0.276792,0.648588
0.390404,0.600425
0.606951,0.65693
0.930761,0.584905
1.0286,0.533739
1.09598,0.554932
1.18713,0.597921
1.30285,0.606341
1.38015,0.597274
1.50275,0.585943
1.57007,0.64424
1.61203,0.585016
1.68111,0.651397
1.82897,0.640468
1.88757,0.66754
1.98798,0.698219
-3.63522,0.799634
-3.5442,0.782434
-3.47858,0.767913
-3.37951,0.757288
-3.33636,0.73007
-3.27462,0.760427
-3.2302,0.719968
-3.13439,0.765184
-3.02465,0.763941
-2.93536,0.753265
-2.87261,0.716205
-2.77855,0.732432
-2.67261,0.734156
-2.57962,0.802758
-2.48559,0.771467
-2.33337,0.774181
-2.24563,0.796416
-2.19018,0.790213
-2.10643,0.807499
-2.03062,0.764754
-1.9397,0.849911
-1.88983,0.756569
-1.78698,0.854349
-1.75881,0.779535
-1.66529,0.74595
-1.58541,0.802772
-1.41868,0.799409
-1.34234,0.763817
-1.2846,0.760317
-1.23474,0.717883
-1.17088,0.762789
-1.06226,0.73679
-0.985667,0.721893
-0.899776,0.697347
-0.831496,0.75811
-0.652662,0.703979
-0.484034,0.765294
-0.161913,0.786962
-0.039377,0.701953
0.137685,0.730186
0.345169,0.766539
0.419365,0.686963
0.569436,0.727365
0.805094,0.627542
0.856093,0.640212
1.08046,0.643367
1.23411,0.669316
1.3435,0.694217
1.42553,0.642305
1.50056,0.685071
1.62552,0.669573
1.70523,0.69873
1.79725,0.720763
1.88743,0.737756
1.9677,0.741051
2.03551,0.744171
2.09537,0.741753
2.18215,0.778404
2.26646,0.799537
-3.95701,0.881603
-3.88646,0.873624
-3.81039,0.848671
-3.73243,0.82813
-3.67157,0.859557
-3.60678,0.830625
-3.512,0.830232
-3.42842,0.841326
-3.32867,0.812494
-3.26571,0.873745
-3.17301,0.831176
-3.08038,0.839298
-2.97067,0.838763
-2.87383,0.854656
-2.75293,0.843978
-2.66005,0.916301
-2.57025,0.904817
-2.49877,0.887748
-2.3989,0.886461
-2.33943,0.883577
-2.2417,0.912464
-2.1842,0.896039
-2.10705,0.955089
-2.06528,0.886532
-1.97673,0.91786
-1.91211,0.898857
-1.60014,0.909895
-1.52606,0.863165
-1.47861,0.83869
-1.41459,0.859098
-1.31969,0.838009
-1.24923,0.806813
-1.16389,0.812173
-1.0623,0.822126
-0.952287,0.799034
-0.879967,0.83449
-0.769371,0.825267
-0.625111,0.826126
-0.367653,0.634538
-0.338739,0.891892
0.0225802,0.86573
0.174345,0.91178
0.307323,0.865105
0.419998,0.87685
0.579061,0.892323
0.70538,0.835384
0.88971,0.757726
1.01041,0.725867
1.12926,0.695084
1.28189,0.743921
1.42172,0.74529
1.52352,0.796505
1.61759,0.730771
1.7369,0.768523
1.81571,0.787734
1.94633,0.794954
2.01466,0.807398
2.12189,0.80158
2.20133,0.85737
2.29384,0.834128
2.35069,0.84426
2.42644,0.866396
2.50803,0.888034
-4.42719,1.00314
-4.35471,0.987934
-4.28414,0.982959
-4.22165,0.95994
-4.15579,0.936194
-4.08185,0.913601
-4.02107,0.900282
-3.94025,0.934709
-3.86257,0.926709
-3.78198,0.916636
-3.72098,0.915624
-3.61094,0.952042
-3.54449,0.9131
-3.42709,0.940985
-3.3407,0.921439
-3.20888,0.920637
-3.11085,0.937886
-3.02986,0.95379
-2.90714,0.964527
-2.79916,0.958816
-2.72215,1.01008
-2.68525,1.01395
-2.60478,1.0378
-2.53391,1.01533
-2.47528,0.972151
-2.39152,1.02754
-2.31417,1.01604
-2.24337,0.993098
-1.73747,0.969603
-1.68534,0.958535
-1.59227,0.969621
-1.51974,0.911352
-1.43681,0.933408
-1.3466,0.901306
-1.25287,0.90698
-1.14517,0.928222
-1.07885,0.950092
-0.950559,0.911207
-0.82151,0.95055
-0.622315,0.966851
-0.503712,0.98283
-0.417403,0.864069
-0.18127,1.00391
-0.104833,0.923704
0.0829193,0.985221
0.207566,1.01258
0.29744,0.976246
0.404745,0.975974
0.515064,0.95284
0.687262,0.985488
0.745763,0.86682
1.09049,0.822809
1.20333,0.820622
1.36663,0.816488
1.50561,0.870089
1.64521,0.846445
1.7332,0.85956
1.85059,0.841981
1.92056,0.902251
2.03821,0.888995
2.14644,0.891902
2.24419,0.898058
2.34996,0.921586
2.43666,0.916508
2.52491,0.95659
2.58116,0.915215
2.65116,0.947825
2.71929,0.963919
2.79255,0.990431
-4.68127,1.06724
-4.61748,1.0533
-4.53495,1.03882
-4.46713,1.06677
-4.41132,1.11322
-4.34572,1.08933
-4.26078,1.05818
-4.16464,1.02154
-4.1127,1.04859
-4.03665,1.02161
-3.92809,1.01601
-3.84353,1.00305
-3.72959,1.02718
-3.63126,1.04757
-3.49653,1.00822
-3.42499,1.07501
-3.31747,1.06169
-3.19585,1.05254
-3.10704,1.06376
-3.06551,1.07815
-2.97312,1.10842
-2.91926,1.08615
-2.84388,1.08813
-2.77024,1.09979
-2.67414,1.11593
-2.61557,1.10096
-2.55419,1.08644
-2.49225,1.06948
-1.90022,1.04832
-1.82506,1.01388
-1.74092,1.02502
-1.67723,1.06052
-1.59105,1.04521
-1.50332,1.04718
-1.43154,1.05956
-1.33082,0.99561
-1.23298,1.04994
-1.13047,1.05673
-0.985501,1.06524
-0.928045,1.03253
-0.823048,1.04946
-0.732276,1.0525
-0.637329,1.11856
-0.315245,1.08532
-0.169808,1.08263
-0.0123863,1.1076
0.113332,1.10372
0.216769,1.08039
0.374028,1.09273
0.433759,1.06627
0.508291,1.07225
0.629331,1.08397
0.852931,1.01634
0.94254,0.900628
1.10266,1.00868
1.2716,0.927611
1.42037,0.943663
1.61154,0.955599
1.73245,0.953866
1.86241,0.950928
1.97162,0.936805
2.10205,0.951724
2.17493,0.977121
2.27291,1.0064
2.39533,0.973195
2.46896,1.02116
2.56732,0.998759
2.6376,0.986719
2.72199,1.01508
2.78111,1.04032
2.86745,1.02635
2.93026,1.0416
3.00053,1.06597
-4.6764,1.13804
-4.603,1.1498
-4.50908,1.15564
-4.45087,1.17552
-4.38274,1.19086
-4.33105,1.19604
-4.28232,1.13665
-4.19427,1.13585
-4.09811,1.13494
-4.00904,1.14808
-3.95397,1.16112
-3.88745,1.1387
-3.77199,1.13366
-3.61895,1.16868
-3.56139,1.13216
-3.47596,1.19266
-3.35455,1.1937
-3.29349,1.14662
-3.21325,1.15733
-3.12487,1.15195
-3.03896,1.16191
-2.96148,1.15392
-2.90628,1.18264
-2.84297,1.1632
-2.76361,1.14803
-2.08608,1.14296
-2.01181,1.12713
-1.94642,1.07527
-1.883,1.10993
-1.78521,1.11015
-1.72898,1.15691
-1.66908,1.15525
-1.59908,1.13757
-1.52419,1.12605
-1.41512,1.16463
-1.32411,1.14802
-1.20579,1.20304
-1.06077,1.19052
-0.958876,1.17176
-0.866478,1.16573
-0.783882,1.17817
-0.717743,1.19884
-0.545048,1.21707
-0.439997,1.05903
-0.319834,1.26912
-0.232213,1.20634
-0.00574644,1.22559
0.108428,1.21668
0.213092,1.19484
0.29227,1.21864
0.385443,1.1878
0.489556,1.1776
0.586183,1.21413
0.674299,1.1587
0.852899,1.18741
0.963778,1.09626
1.19362,1.06107
1.34656,1.04875
1.49889,1.05529
1.62546,1.06834
1.85843,1.08637
1.97717,1.04704
2.10123,1.09297
2.21691,1.1059
2.33786,1.07922
2.42648,1.097
2.51615,1.09622
2.59373,1.08862
2.68932,1.06669
2.78603,1.11127
2.87028,1.0964
2.95656,1.10341
3.03688,1.08127
3.0945,1.11017
3.15066,1.12049
3.21658,1.14443
-4.24773,1.21979
-4.20468,1.22308
-4.14307,1.23317
-4.09138,1.24118
-3.99194,1.25935
-3.88347,1.26183
-3.76323,1.26321
-3.69121,1.2406
-3.61195,1.33418
-3.49515,1.30265
-3.45337,1.26303
-3.37611,1.27329
-3.27863,1.22934
-3.19264,1.23476
-3.12558,1.24937
-3.08483,1.24219
-2.99552,1.21749
-2.19233,1.19843
-2.13103,1.20383
-2.02806,1.22298
-1.93637,1.17459
-1.89749,1.23435
-1.79236,1.23959
-1.69188,1.23596
-1.62284,1.24673
-1.58673,1.22292
-1.53249,1.2398
-1.48472,1.25267
-1.37328,1.26566
-1.25147,1.26876
-1.12415,1.242
-1.04086,1.33843
-0.98907,1.2769
-0.874637,1.26086
-0.797379,1.27804
-0.702198,1.3204
-0.58006,1.32336
-0.451409,1.26087
-0.180668,1.37425
-0.0693753,1.25428
0.0268858,1.27045
0.148923,1.33005
0.201753,1.30762
0.327447,1.26778
0.408628,1.25124
0.466142,1.2734
0.527926,1.25889
0.648525,1.30223
0.755204,1.23928
0.898046,1.29821
1.12426,1.23335
1.28719,1.27063
1.45811,1.17688
1.55931,1.21225
1.73735,1.13685
1.87422,1.16199
1.96992,1.20887
2.1319,1.1911
2.29612,1.16919
2.42814,1.19954
2.49569,1.16022
2.60827,1.18863
2.75387,1.15581
2.81426,1.20916
2.92498,1.18478
3.00165,1.17718
3.06541,1.17726
3.14714,1.18965
3.23255,1.21695
3.28215,1.17018
3.36373,1.20145
3.43062,1.22377
-4.13157,1.30858
-4.04423,1.32936
-3.9625,1.33885
-3.89548,1.3979
-3.78486,1.33906
-3.69154,1.36104
-3.5729,1.3873
-3.54055,1.34254
-3.45053,1.33978
-3.39798,1.32584
-3.32025,1.31194
-3.23972,1.28874
-2.34267,1.28061
-2.27038,1.2401
-2.20925,1.29426
-2.12001,1.30994
-2.04099,1.32534
-1.93249,1.30082
-1.85667,1.31168
-1.80538,1.34446
-1.73808,1.32706
-1.67676,1.29766
-1.54074,1.29334
-1.47498,1.35174
-1.43901,1.28897
-1.29259,1.3487
-1.19013,1.37445
-1.12979,1.33612
-0.994961,1.39417
-0.953697,1.35726
-0.887786,1.33168
-0.817772,1.36822
-0.746461,1.40945
-0.685096,1.37833
-0.472393,1.37249
-0.331858,1.36937
-0.187321,1.44159
-0.0752514,1.37153
0.0119115,1.40553
0.123192,1.38927
0.246409,1.37566
0.334438,1.34709
0.406659,1.33111
0.43877,1.36931
0.517263,1.35966
0.571825,1.339
0.655653,1.4462
0.754076,1.37904
1.04478,1.36987
1.14109,1.37141
1.37689,1.34455
1.52678,1.38477
1.76195,1.31763
1.9181,1.37157
2.04102,1.26244
2.18967,1.25188
2.26662,1.31718
2.40784,1.29191
2.53274,1.29161
2.67275,1.27324
2.75473,1.30021
2.88421,1.28713
2.99246,1.26146
3.10667,1.27703
3.17203,1.28804
3.24792,1.2955
3.30982,1.25687
3.38252,1.30621
3.48575,1.26239
3.55156,1.267
-4.19285,1.39354
-4.13395,1.39951
-4.04701,1.3964
-3.96366,1.42898
-3.84108,1.4399
-3.79201,1.42022
-3.72735,1.42528
-3.65471,1.40502
-3.5883,1.39183
-2.49498,1.37733
-2.42191,1.31583
-2.35364,1.37857
-2.26675,1.362
-2.20837,1.40242
-2.13259,1.40675
-2.01783,1.46016
-1.966,1.4149
-1.88514,1.40027
-1.52139,1.40629
-1.44454,1.41557
-1.38046,1.38994
-1.30523,1.44679
-1.16883,1.47523
-1.10219,1.41151
-1.02065,1.48326
-0.948822,1.42405
-0.889193,1.41075
-0.832314,1.42462
-0.73699,1.48796
-0.655096,1.4739
-0.523474,1.47078
-0.39951,1.48375
-0.201446,1.6071
-0.192092,1.49331
-0.0565508,1.4636
0.0686247,1.45881
0.168228,1.47966
0.248412,1.42119
0.304896,1.45954
0.411508,1.38617
0.416356,1.44305
0.483195,1.46434
0.604794,1.41043
0.694223,1.52887
0.805094,1.51103
0.925922,1.49427
1.08294,1.5543
1.29579,1.52484
1.46428,1.53651
1.64946,1.46096
1.81095,1.47675
2.04723,1.42298
2.18468,1.39062
2.34963,1.41006
2.48938,1.37533
2.61067,1.36647
2.68334,1.42527
2.84995,1.35634
2.93962,1.39174
3.03877,1.35419
3.11811,1.39881
3.22394,1.392
3.32317,1.36801
3.44404,1.3643
3.50942,1.34156
3.57784,1.35864
3.65556,1.36852
-4.22471,1.48525
-4.11732,1.52478
-4.05077,1.47168
-3.98977,1.50593
-3.87566,1.47513
-2.70202,1.49669
-2.64033,1.43088
-2.55282,1.46922
-2.44546,1.48089
-2.36746,1.52923
-2.29171,1.4863
-2.20026,1.48062
-2.07472,1.49429
-1.62517,1.50548
-1.59951,1.44917
-1.47233,1.51927
-1.36481,1.51545
-1.27672,1.50611
-1.21212,1.54582
-1.11233,1.53107
-1.01489,1.49571
-0.933566,1.47894
-0.899689,1.53241
-0.826688,1.49332
-0.731581,1.56346
-0.613724,1.57961
-0.497342,1.54108
-0.281352,1.62133
-0.37193,1.52496
-0.120197,1.5337
-0.0168376,1.53482
0.023973,1.55879
0.0950349,1.51433
0.176733,1.53869
0.279244,1.51031
0.358491,1.52625
0.40037,1.47286
0.457636,1.5259
0.504362,1.52216
0.57406,1.5139
0.689034,1.58752
0.815667,1.60234
0.890437,1.64513
1.0309,1.66936
1.26115,1.61033
1.41786,1.59833
1.5793,1.63637
1.85893,1.67468
1.94008,1.56599
2.17476,1.5423
2.32187,1.5935
2.40886,1.50763
2.56924,1.48313
2.74347,1.45634
2.88111,1.50072
3.02915,1.49006
3.12936,1.49627
3.2697,1.4711
3.34439,1.51494
3.46346,1.50781
3.56348,1.52416
3.60488,1.4527
3.703,1.50145
3.76884,1.50082
-4.31251,1.59669
-4.19794,1.56499
-2.97925,1.60524
-2.87479,1.62068
-2.84171,1.53843
-2.76194,1.57106
-2.68788,1.63379
-2.6107,1.56479
-2.52662,1.57948
-2.42519,1.58197
-2.37266,1.63686
-2.31734,1.6042
-2.23642,1.56768
-1.78612,1.63324
-1.68629,1.56586
-1.61723,1.61578
-1.5121,1.56583
-1.44453,1.65938
-1.34355,1.59916
-1.23504,1.66304
-1.18394,1.61025
-1.1163,1.57608
-1.00385,1.59499
-0.916519,1.58001
-0.829002,1.5783
-0.757308,1.62167
-0.626232,1.64256
-0.49223,1.6427
-0.363657,1.69848
-0.235866,1.69261
-0.17459,1.62448
-0.0636659,1.59045
-0.0245228,1.65957
0.0698968,1.58466
0.120996,1.64399
0.245592,1.59063
0.372567,1.60801
0.425866,1.56736
0.45391,1.60352
0.554652,1.62628
0.595943,1.63185
0.694026,1.70356
0.77421,1.71611
0.956255,1.72205
1.18014,1.8122
1.1914,1.71456
1.34838,1.78086
1.46934,1.74194
1.66282,1.78924
1.95107,1.79518
2.11013,1.68945
2.26919,1.68209
2.48802,1.64649
2.64097,1.59048
2.80839,1.60535
2.95967,1.64228
3.07656,1.61834
3.20533,1.60188
3.34272,1.63813
3.43908,1.63665
3.51678,1.63798
3.61693,1.56925
3.692,1.62483
3.82277,1.56495
3.87421,1.63172
-3.19044,1.7122
-3.10997,1.68249
-3.01743,1.71896
-2.92297,1.75163
-2.84298,1.75364
-2.79824,1.65411
-2.69343,1.80006
-2.65523,1.70431
-2.56578,1.72381
-1.86023,1.71882
-1.79405,1.75192
-1.67014,1.70288
-1.57224,1.71318
-1.51423,1.7052
-1.43743,1.76717
-1.35577,1.75366
-1.07004,1.69637
-1.02285,1.72965
-0.922138,1.71097
-0.817279,1.70576
-0.705069,1.74436
-0.59692,1.75094
-0.423186,1.74718
-0.369198,1.83439
-0.239215,1.76954
-0.127978,1.69545
-0.100566,1.753
-0.0224335,1.80451
0.0131907,1.69235
0.1175,1.73568
0.172177,1.79479
0.2639,1.69743
0.396816,1.73843
0.46414,1.69094
0.534942,1.72506
0.594825,1.78001
0.627849,1.70874
0.753031,1.83262
0.863589,1.76103
0.988714,1.83444
1.10553,1.8617
1.27414,1.81368
1.38758,1.88239
1.49041,1.81651
1.62425,1.90369
1.84923,1.91734
1.89855,1.8108
2.15475,1.84401
2.26344,1.81864
2.48716,1.8017
2.61987,1.7984
2.91083,1.72849
3.06418,1.75778
3.23482,1.80011
3.30935,1.73518
3.40806,1.74095
3.51805,1.75134
3.61537,1.77738
3.63013,1.6875
3.73875,1.73067
3.84156,1.69867
-3.49218,1.88336
-3.4022,1.82605
-3.26133,1.89667
-3.21779,1.80004
-3.16556,1.91657
-3.10227,1.78958
-2.9735,1.93338
-2.96475,1.81518
-2.80874,1.85449
-2.01804,1.8611
-1.90579,1.82591
-1.86121,1.95103
-1.82153,1.83701
-1.75041,1.8918
-1.66656,1.82402
-1.55232,1.89555
-1.46912,1.82694
-1.15768,1.8341
-1.06707,1.8792
-0.968513,1.84749
-0.853571,1.82247
-0.770556,1.87277
-0.594963,1.91764
-0.471091,1.90421
-0.338471,1.91763
-0.230323,1.86149
-0.1655,1.87783
-0.104983,1.84285
-0.0243459,1.9047
0.0284522,1.82132
0.121418,1.85967
0.170689,1.91403
0.276317,1.78435
0.364461,1.8463
0.406819,1.8865
0.524155,1.86818
0.592138,1.81544
0.634089,1.89523
0.752724,1.88174
0.895018,1.95037
1.03017,1.92787
1.16206,1.96172
1.22638,1.90417
1.2945,1.92951
1.39483,2.0042
1.49775,1.94517
1.52759,1.99434
1.74885,1.98799
1.96854,1.98189
2.09468,1.94269
2.21972,1.97581
2.39836,1.97174
2.55046,1.95907
2.76423,1.88683
2.99743,1.9573
3.1175,1.87998
3.25685,1.88149
3.37987,1.87778
3.47067,1.87502
3.58845,1.9272
3.64673,1.85474
-3.69605,2.0687
-3.5868,2.0161
-3.46504,2.06981
-3.42072,1.95643
-3.33128,2.08825
-3.31305,1.96759
-3.20598,2.03775
-2.18706,2.03071
-2.06806,1.99013
-1.99467,2.05666
-1.91765,2.03393
-1.80026,2.0693
-1.74049,2.03014
-1.66471,2.00192
-1.2597,2.00071
-1.19211,2.05248
-1.1187,1.9264
-1.09545,2.02826
-0.972074,2.01861
-0.849639,1.95483
-0.732351,2.06597
-0.591019,2.10938
-0.407036,2.02158
-0.311024,2.0919
-0.27075,1.98929
-0.145459,1.99305
-0.0173879,2.00443
0.0889987,2.04983
0.189494,2.04345
0.251627,1.94338
0.310519,2.0414
0.403328,1.99764
0.56092,2.03097
0.644585,2.09459
0.656845,1.95465
0.701754,2.07225
0.779064,1.98671
0.986457,2.03416
1.16452,2.09729
1.10929,1.98321
1.23414,2.03289
1.30904,2.00061
1.32996,2.07895
1.47472,2.06158
1.61727,2.09601
1.7415,2.11659
1.87899,2.10921
1.97377,2.1382
2.08244,2.10834
2.24595,2.11471
2.31794,2.17536
2.43615,2.12924
2.70147,2.07946
2.87888,2.1155
3.10569,2.01757
3.24097,2.0463
3.36081,2.01586
3.47285,1.97553
3.55316,2.05781
3.64703,2.00908
3.7593,1.96092
3.80705,2.06815
3.88174,2.03778
-3.85385,2.23459
-3.79081,2.15247
-3.7368,2.2236
-3.64051,2.19479
-3.55674,2.22666
-3.43039,2.15242
-2.37991,2.21842
-2.289,2.13712
-2.24437,2.25047
-2.18914,2.16032
-2.08862,2.12284
-1.97831,2.16641
-1.90508,2.18264
-1.39286,2.20864
-1.31076,2.20902
-1.23843,2.23582
-1.22372,2.10501
-1.147,2.20341
-1.00016,2.12862
-0.926064,2.24608
-0.801798,2.16209
-0.618081,2.26441
-0.499275,2.22091
-0.357405,2.16687
-0.319124,2.23401
-0.210473,2.15771
-0.0389713,2.21397
0.0832577,2.17734
0.268855,2.147
0.409076,2.1652
0.605451,2.16767
0.666408,2.24529
0.747568,2.16909
0.857259,2.18225
1.00369,2.26281
1.07737,2.15707
1.18213,2.16189
1.23863,2.23758
1.29441,2.13569
1.37716,2.16055
1.43211,2.23068
1.54793,2.17226
1.69749,2.20079
1.81517,2.28596
1.9101,2.24461
2.04531,2.21499
2.12434,2.21601
2.20445,2.19523
2.2741,2.27747
2.4774,2.27853
2.60059,2.15878
2.73293,2.30969
2.96809,2.24147
3.08826,2.15835
3.27297,2.19075
3.39042,2.17899
3.54526,2.22241
3.62479,2.16861
3.75059,2.14419
3.81756,2.21837
3.95291,2.22795
4.00421,2.13512
-4.01387,2.37008
-3.93387,2.29134
-3.86646,2.37959
-3.76848,2.30942
-2.53436,2.36361
-2.47711,2.38123
-2.36672,2.33762
-2.28507,2.37309
-2.19002,2.36548
-2.12561,2.31918
-1.46533,2.34639
-1.38609,2.39668
-1.35743,2.29805
-1.26754,2.34337
-1.17295,2.39808
-1.03589,2.28371
-0.894364,2.35901
-0.788705,2.30473
-0.668706,2.38127
-0.53352,2.39486
-0.426138,2.3279
-0.351514,2.37254
-0.231549,2.31118
-0.0409947,2.35907
0.0645314,2.33734
0.248911,2.33744
0.351887,2.36061
0.428174,2.40694
0.6661,2.36474
0.737614,2.28022
0.795137,2.39338
0.854115,2.27586
0.948861,2.37084
1.09907,2.33343
1.19977,2.33209
1.28944,2.38551
1.4328,2.36915
1.46439,2.29793
1.60306,2.34449
1.72638,2.35286
1.78216,2.41844
1.86109,2.37758
1.94629,2.31565
2.07108,2.42016
2.1404,2.29807
2.14866,2.42409
2.25106,2.34906
2.41598,2.33818
2.48347,2.46375
2.62423,2.36563
2.72818,2.46737
2.91978,2.36543
3.10577,2.36548
3.26181,2.3416
3.36141,2.36612
3.55384,2.36217
3.66177,2.27265
3.73282,2.37936
3.86138,2.32203
3.96313,2.33408
4.06914,2.33937
4.15249,2.38825
4.25025,2.36224
-4.1452,2.50645
-2.63065,2.53297
-2.51164,2.4473
-2.44405,2.54674
-2.36653,2.48935
-1.55922,2.48566
-1.51239,2.54563
-1.43535,2.42873
-1.36201,2.56733
-1.22823,2.46621
-1.12836,2.53185
-0.943662,2.50721
-0.860164,2.52827
-0.769973,2.5123
-0.65126,2.50552
-0.511311,2.51413
-0.411864,2.6145
-0.355445,2.53915
-0.308792,2.47506
-0.0509759,2.51093
0.0399364,2.52078
0.311611,2.55822
0.421548,2.55986
0.450453,2.48246
0.705955,2.52133
0.775601,2.51128
0.888963,2.60103
0.948538,2.51689
1.02374,2.57433
1.14709,2.50138
1.25396,2.46258
1.33415,2.5668
1.49844,2.47993
1.57735,2.49881
1.66626,2.44014
1.663,2.55776
1.82276,2.55257
1.94265,2.44972
1.98992,2.54988
2.05921,2.48234
2.13798,2.52436
2.26293,2.48171
2.37021,2.5043
2.39563,2.55356
2.4844,2.57969
2.59398,2.49507
2.68584,2.58401
2.85025,2.47498
2.93079,2.60586
3.15295,2.48829
3.32164,2.51654
3.39432,2.55557
3.53354,2.46654
3.66709,2.58542
3.65115,2.4302
3.81205,2.58534
3.90669,2.41915
3.95293,2.58385
4.06793,2.49299
4.18778,2.4867
4.28931,2.48957
4.39215,2.56703
-2.66666,2.64237
-2.62252,2.76393
-2.49446,2.61665
-1.68699,2.70551
-1.60858,2.68617
-1.50594,2.62426
-1.40289,2.69851
-1.29271,2.68249
-1.19992,2.77218
-1.14943,2.63867
-1.0454,2.75091
-0.939532,2.63511
-0.810099,2.69773
-0.72526,2.65288
-0.643149,2.73933
-0.590048,2.67459
-0.505961,2.66529
-0.405811,2.69871
-0.335525,2.66299
-0.0155947,2.70363
0.415446,2.69131
0.764435,2.67854
0.871077,2.67261
1.02348,2.67522
1.08144,2.7514
1.15934,2.69372
1.24525,2.65174
1.33448,2.63198
1.41726,2.68517
1.64532,2.65245
1.75942,2.63434
1.79548,2.72955
1.91411,2.66352
2.03038,2.66144
2.11698,2.64605
2.34565,2.65481
2.48975,2.66946
2.57542,2.67503
2.59302,2.77577
2.69425,2.7301
2.87447,2.72386
2.95458,2.81188
3.07318,2.67392
3.21692,2.71521
3.40301,2.67522
3.47198,2.7582
3.57585,2.62954
3.67062,2.7071
3.72707,2.6131
3.78076,2.71843
3.85983,2.73587
3.93104,2.69577
4.00873,2.66099
4.0707,2.70497
4.14129,2.59988
4.24943,2.62223
4.30488,2.68714
4.3967,2.68052
-2.75879,2.88656
-2.6779,2.76967
-1.75615,2.83672
-1.69744,2.77425
-1.61668,2.79396
-1.56123,2.88573
-1.45978,2.79189
-1.34174,2.8174
-1.23904,2.8765
-1.16876,2.83957
-1.11084,2.85424
-1.03099,2.80472
-0.956318,2.90205
-0.862718,2.79092
-0.808071,2.89347
-0.708469,2.78212
-0.641379,2.90083
-0.574483,2.82044
-0.37301,2.83406
-0.0143303,2.81037
0.808174,2.81844
0.907375,2.89819
0.966823,2.7736
1.01864,2.88336
1.12062,2.8108
1.19381,2.86231
1.27796,2.78641
1.32803,2.89731
1.38916,2.7878
1.48448,2.87585
1.77901,2.82688
1.92989,2.81323
2.00827,2.8684
2.09456,2.85188
2.17298,2.79623
2.48388,2.82062
2.55865,2.88961
2.58464,2.84919
2.76911,2.78761
2.71324,2.93483
2.83121,2.87246
2.98076,2.8938
3.12249,2.81378
3.23267,2.9166
3.32366,2.79223
3.43012,2.84746
3.59594,2.77671
3.60234,2.90377
3.67986,2.80488
-1.86288,3.02037
-1.78116,3.05648
-1.75185,2.9426
-1.64702,3.01216
-1.53532,3.02342
-1.40516,2.95087
-1.3281,3.01309
-1.25826,3.02704
-0.960666,2.97264
-0.863462,3.04329
-0.806071,2.9463
-0.679446,2.97349
-0.664466,3.04402
-0.0282829,3.01347
0.852558,2.97402
0.962868,2.97536
1.00254,3.07323
1.11281,2.98574
1.22046,3.04967
1.34455,2.99124
1.46772,3.04892
1.51222,2.96231
1.92048,2.9667
1.99904,3.04946
2.03245,2.96239
2.16775,3.04741
2.22637,2.95154
2.63817,2.96178
2.69645,3.01021
2.79728,3.00648
2.86999,3.05417
2.99512,2.98757
3.02378,3.08708
3.11883,3.00641
3.26388,3.0733
3.37427,2.92965
3.45229,3.02466
3.63733,2.95863
3.6641,3.05854
-1.95458,3.19543
-1.89709,3.09339
-1.83098,3.18767
-1.69398,3.26576
-1.65091,3.10219
-1.56639,3.23207
-1.54004,3.1425
-1.41647,3.15629
-1.33958,3.14194
-0.979483,3.23642
-0.94299,3.11989
-0.79624,3.1339
-0.752543,3.23295
0.929375,3.21981
0.994388,3.15386
1.09075,3.16188
1.19585,3.2414
1.26559,3.21438
1.5402,3.21154
2.04329,3.15028
2.12328,3.20305
2.89726,3.15147
3.01227,3.17526
3.07076,3.20725
3.1688,3.26123
3.20328,3.16446
3.39117,3.13871
3.48076,3.24347
3.55951,3.14334
3.67241,3.15977
-2.04707,3.36125
-1.96287,3.45515
-1.91035,3.29649
-1.82539,3.45992
-1.78164,3.35426
-1.67008,3.43735
-1.5626,3.42134
-1.035,3.33115
-0.957127,3.41826
-0.883594,3.43884
-0.813493,3.34022
0.977461,3.42978
1.13193,3.44888
1.12898,3.30192
1.22178,3.43045
1.29965,3.35486
3.15382,3.35326
3.23893,3.39467
3.29949,3.30797
3.42324,3.35651
3.52816,3.38413
3.63451,3.34324
3.69018,3.45043
-2.18738,3.62165
-2.13184,3.52888
-2.05255,3.59422
-1.91907,3.72267
-1.90368,3.56834
-1.75509,3.61168
-1.03149,3.64604
-0.975338,3.5377
-0.869798,3.53434
1.01697,3.58679
1.10743,3.53731
1.21212,3.61562
1.30399,3.63551
1.35988,3.60862
-2.30281,3.90026
-2.23803,3.79178
-2.09337,3.74751
-2.11167,3.85746
-1.95818,3.89839
-1.90056,3.83779
-1.11852,3.84895
-1.00378,3.82089
1.10589,3.78741
1.16178,3.87537
1.28307,3.74814
1.27752,3.87649
1.39904,3.87259
-2.41869,4.07629
-2.26862,4.1006
-2.2402,3.99043
-2.14572,4.05793
-2.06657,4.02415
-1.14706,4.1209
1.32928,4.01749
1.4291,4.04729
-2.59674,4.37752
-2.52659,4.38984
-2.44358,4.37299
-2.38857,4.29766
-2.31342,4.3013
-1.23144,4.35962
-2.68692,4.58025
-2.6218,4.62974
-2.55901,4.50615
-2.77618,4.76113
